4.1105,0.067658,0.11279,-0.026214,-0.10144,-0.086512,-0.069146,0.060205,-0.054785,-0.03432,-0.06916,-0.042862,-0.092146,-0.10733,0.13274,0.17539,0.073176,0.064473,-0.12857,-0.054936,-0.056377,-0.06845,-0.12299,-0.048987,0.057745,-0.058878,0.081836,-0.023796,-0.29568,-0.20034,0.071798,0.078811,0.086823,0.030288,-0.10602,0.021326,-0.10956,0.051434,-0.038581,-0.19119,0.068242,0.17948,0.060295,-0.079853,-0.28366,-0.17071,0.11408,0.023502,0.06598,-0.22292,0.0075487,0.058584,0.1259,-0.077408,0.13597,-0.053396,-0.083348,0.042615,-0.097148,0.13508,-0.08204,-0.096384,-0.08921,-0.13375,0.081829,0.05813,-0.26138,-0.17715,-0.12177,0.030918,0.055082,0.02256,0.23634,0.064899,-0.00044872,-0.023045,0.12198,0.10951,-0.092836,-0.055389,-0.065639,0.073005,-0.007453,-0.016076,0.11585,-0.11911,0.016743,0.058083,0.11467,-0.0061564,-0.14289,0.13378,-0.1777,-0.029122,-0.069631,-0.028531,-0.054867,-0.055624,-0.022519,0.039604
0.067658,4.2407,-0.12166,0.055627,0.18039,0.16356,-0.29192,0.10205,0.078279,0.059702,0.22006,-0.096314,0.06991,-0.11098,-0.11995,-0.03917,0.014217,-0.0038817,-0.093697,0.19951,-0.0011034,-0.19866,-0.024265,-0.031259,0.077435,0.10957,0.008363,0.037557,0.049711,-0.053708,-0.11592,0.16293,0.13106,-0.010448,-0.028014,0.12792,-0.04317,-0.077029,-0.0045582,-0.10278,0.072605,0.0083854,-0.0020193,0.054089,-0.097108,0.067123,-0.14903,0.03676,-0.013756,-0.071387,-0.0014458,0.10162,0.091555,0.09758,-0.07759,0.01172,-0.025325,-0.058583,-0.067358,-0.035589,0.023843,-0.050177,-0.11134,-0.05303,-0.17734,-0.013804,0.14851,-0.080896,0.093306,-0.13188,0.095328,-0.1021,0.00033149,-0.017022,0.083162,-0.00096259,-0.040257,0.056635,0.011219,-0.0065295,-0.057371,0.010193,-0.01041,0.20118,0.0042414,0.046375,0.084989,-0.054825,0.0081151,-0.13306,-0.14462,-0.26156,-0.026231,0.13126,-0.061658,0.072651,-0.22756,-0.024357,0.049789,-0.18357
0.11279,-0.12166,4.3523,-0.22237,-0.026929,0.022962,0.0093236,0.0052861,0.051472,-0.17675,0.068241,0.028929,-0.062985,0.13591,0.018595,0.015707,-0.01247,0.098976,-0.1578,0.28778,0.077892,0.11027,-0.03681,0.016895,0.040528,0.039944,-0.040699,0.13305,0.018252,0.037657,-0.14759,-0.20029,0.0075193,0.20597,0.19154,-0.0048619,-0.10981,-0.0096681,-0.0083109,-0.13947,-0.10479,-0.10726,-0.06709,-0.017486,-0.020059,-0.0044062,-0.12952,-0.28192,0.10078,-0.071959,-0.0057432,-0.088241,0.11491,0.060427,0.17343,-0.14918,0.013505,0.060486,0.0075851,0.040632,0.039678,0.10048,-0.015852,0.055348,-0.15155,-0.22418,0.069454,0.010094,-0.10383,-0.096793,0.091885,-0.10545,0.04589,-0.030619,0.021677,-0.015408,0.0084998,0.16518,-0.0022745,-0.13535,-0.011752,0.13087,-0.093373,-0.2464,-0.068815,-0.078301,0.031496,-0.23619,-0.087457,0.032794,-0.099836,-0.10221,-0.10471,-0.011933,0.06473,-0.0111,0.079659,-0.048048,-0.099494,-0.17556
-0.026214,0.055627,-0.22237,4.0624,0.17927,0.11848,-0.18982,0.076835,0.014294,0.012968,-0.086925,-0.033819,-0.21386,0.1499,-0.013331,-0.081919,-0.11034,-0.062739,0.0031027,0.017612,0.071402,0.047304,-0.011624,-0.12477,0.079526,-0.22374,-0.13092,0.13324,0.12028,0.076626,0.11104,-0.018518,-0.1408,0.18218,-0.018302,-0.0079538,0.096989,0.17895,0.016519,-0.1699,0.04333,-0.14043,-0.012748,-0.067757,0.054383,0.14213,-0.095732,0.014849,0.029945,-0.11675,-0.057803,0.079192,-0.061004,-0.086835,0.0060455,-0.039958,0.1286,-0.097793,0.14963,0.31167,-0.031246,0.27688,-0.097035,0.139,0.12903,-0.01374,-0.016287,-0.020559,-0.063283,0.10695,0.093644,0.077052,0.034807,-0.030462,0.030845,0.032582,0.035528,0.17936,0.12211,-0.046322,-0.011131,-0.1344,0.0179,-0.19215,-0.082549,-0.071006,-0.037483,-0.14443,-0.079605,-0.1172,-0.11286,-0.026621,0.16594,-0.072218,0.10574,0.1018,0.23731,0.015525,-0.18051,-0.07801
-0.10144,0.18039,-0.026929,0.17927,3.9643,-0.060139,-0.28645,0.090036,0.10139,-0.22052,0.043611,-0.089292,-0.020213,-0.18264,0.093454,0.10472,0.0073501,0.13051,-0.15053,0.093527,-0.094031,0.044857,0.20317,-0.076979,0.091033,0.069585,0.079119,0.064628,-0.13922,0.0073864,0.17678,0.15632,-0.25221,0.10172,0.080872,0.091394,-0.02287,-0.15032,-0.038501,0.06758,-0.082242,-0.11322,-0.033503,0.19666,0.12634,0.20358,-0.17841,-0.18071,-0.079316,-0.063675,-0.011342,-0.14817,0.049678,-0.14252,-0.052751,-0.20661,-0.095833,0.08608,-0.045751,-0.075266,-0.13022,0.055626,0.10148,-0.094712,-0.17404,-0.016395,-0.2182,0.10866,0.35314,-0.090824,-0.066416,0.026548,-0.11393,-0.023897,0.098475,-0.11185,-0.11875,0.20091,-0.15499,0.021049,0.066303,0.019955,0.047727,-0.1223,0.036184,0.15126,-0.11812,0.1526,-0.20286,0.056509,-0.20042,0.0055265,0.042516,-0.1465,-0.028091,-0.081813,-0.050029,-0.21744,0.1335,0.1867
-0.086512,0.16356,0.022962,0.11848,-0.060139,3.9385,0.22877,0.1637,0.053674,-0.085327,-0.031765,0.1206,-0.18392,-0.047045,-0.032512,0.20539,-0.20766,0.029196,0.030447,-0.059093,0.14507,0.15548,0.23226,0.13929,0.0058269,-0.037937,0.14545,0.019539,0.13431,-0.045268,-0.051527,-0.014984,-0.14366,-0.086358,-0.036492,-0.14822,-0.043747,0.087948,-0.019136,0.16608,-0.24147,-0.086578,-0.099411,-0.13893,0.018843,-0.15983,0.062323,-0.20958,0.026982,-0.092375,0.012893,0.27112,-0.092691,0.076306,-0.082569,-0.22274,-0.10211,-0.050995,0.16865,0.085532,0.037162,0.054769,0.073436,-0.11151,-0.028501,-0.078609,0.10746,-0.14931,-0.074003,-0.06419,0.23131,0.099407,-0.032668,0.18865,0.095468,0.11534,0.14145,0.15924,0.001024,0.071353,0.053139,-0.14232,0.0070512,0.072355,-0.028825,0.070226,-0.063269,-0.015899,0.033278,0.21498,0.1029,-0.12177,-0.063772,-0.1411,-0.0056317,-0.261,-0.046128,0.0097615,-0.10296,0.031497
-0.069146,-0.29192,0.0093236,-0.18982,-0.28645,0.22877,4.1758,0.12565,0.055879,0.11638,0.098643,-0.10251,-0.053825,-0.0072202,-0.031413,-0.2112,0.014375,-0.1628,-0.010365,0.26156,0.099057,0.094692,-0.041995,0.1568,-0.037999,-0.050781,-0.048867,0.019669,0.022815,0.032209,-0.064522,0.051146,-0.25627,0.12361,-0.092306,0.10342,0.15813,-0.073319,0.052717,-0.089183,0.072152,-0.19843,-0.031874,0.13615,0.11785,-0.055873,-0.13136,-0.048039,-0.066562,-0.058973,0.1026,0.20962,-0.069475,0.043172,-0.040455,0.080155,-0.065542,-0.12424,0.012939,-0.0872,-0.047735,-0.062963,0.12374,0.0009193,0.023211,-0.12946,-0.10563,-0.1655,-0.043504,0.048624,-0.13498,0.049477,0.095396,0.073402,0.031019,0.12501,0.0096259,-0.041954,0.024708,0.21424,-0.0020637,-0.094318,0.11332,-0.027438,-0.0097517,-0.19115,0.1875,-0.097702,-0.031005,-0.01635,0.10247,-0.047776,-0.029548,-0.05305,-0.1817,-0.13007,-0.12093,-0.1323,-0.029382,0.12
0.060205,0.10205,0.0052861,0.076835,0.090036,0.1637,0.12565,4.2728,-0.10098,0.022701,0.15467,-0.069641,0.06659,0.0033223,0.12418,-0.041039,-0.10304,-0.080791,-0.0064653,-0.068165,0.0021759,0.023666,0.048278,-0.19535,-0.042252,0.072093,0.074599,0.056504,0.066392,0.0085325,0.02223,-0.095896,0.089337,-0.0021885,0.12275,-0.053178,-0.063813,-0.021402,-0.0481,0.08339,-0.03613,0.12966,-0.10362,-0.075162,0.028703,0.021074,-0.15848,0.075004,-0.19934,-0.041504,0.15682,0.046218,-0.25218,0.075063,0.061114,0.070248,0.016503,0.17753,0.07752,-0.16286,-0.031241,0.081622,0.037116,-0.069563,-0.046223,0.16602,0.058617,-0.095471,0.056786,-0.074568,-0.17626,-0.011298,0.14697,0.0026037,-0.06712,-0.070206,0.038915,0.15309,-0.27643,-0.014301,-0.14228,0.078939,0.15988,-0.086652,0.023766,-0.031293,0.25831,0.25166,0.0080745,0.069279,0.063771,0.096401,-0.086513,-0.036144,0.0047436,0.0061989,-0.014226,-0.10433,-0.10025,0.11785
-0.054785,0.078279,0.051472,0.014294,0.10139,0.053674,0.055879,-0.10098,4.2989,0.19302,-0.097212,0.10223,-0.08271,-0.11495,-0.10214,0.0201,-0.081129,0.10885,-0.071642,0.15864,-0.097226,-0.046759,-0.037508,-0.22607,0.016312,0.053217,0.014527,0.079437,-0.20492,0.039835,-0.036597,-0.011934,-0.058142,0.039432,-0.23769,0.0065843,-0.094257,-0.093821,-0.044798,0.022134,-0.077842,-0.25318,0.083514,0.14235,-0.063646,-0.12311,-0.046851,-0.0017742,-0.015858,0.095181,-0.063947,0.003872,-0.018505,-0.030892,-0.076951,0.17206,0.1316,-0.026109,-0.020263,0.063225,0.10574,-0.03606,0.030747,-0.043396,0.1574,0.13575,0.034034,-0.070518,-0.03451,0.028724,-0.066427,0.089328,0.077269,-0.076483,-0.086054,0.22294,0.035475,-0.071104,-0.01368,0.048201,-0.0098978,0.036742,-0.022766,-0.010667,-0.024702,-0.15621,-0.032862,0.081748,0.16079,-0.0075143,-0.11621,0.099431,0.16667,-0.02611,0.080702,-0.036661,0.11942,0.11385,0.12011,-0.18297
-0.03432,0.059702,-0.17675,0.012968,-0.22052,-0.085327,0.11638,0.022701,0.19302,3.9643,-0.15206,-0.091299,-0.0040411,0.014332,-0.10071,0.13148,-0.04807,-0.029844,0.026826,-0.0041558,0.12188,-0.16467,-0.013025,0.19774,-0.20444,0.10098,-0.14053,-0.088283,-0.09361,-0.070136,-0.094055,-0.13347,0.18079,-0.0059633,0.096717,0.091462,-0.063065,-0.068889,-0.078583,-0.051547,-0.039693,-0.031006,0.055997,0.15816,-0.0074325,0.10279,0.067322,0.10093,-0.053935,0.23043,0.00021009,-0.0059283,0.084242,-0.010969,-0.069167,0.17214,-0.26445,-0.065252,0.059239,-0.041857,0.087789,0.02785,0.024374,-0.045852,-0.056766,-0.19538,0.029159,0.056174,0.054808,-0.04177,-0.029747,-0.13921,0.026238,0.11544,0.063918,0.099048,-0.11873,-0.088895,-0.19659,0.040875,0.12244,0.0084128,-0.087448,0.30003,0.040278,0.070598,-0.15148,-0.053903,-0.12504,0.079313,0.19361,-0.058895,0.0052078,-0.084816,-0.18365,-0.057919,-0.0064448,-0.17243,0.031105,-0.12392
-0.06916,0.22006,0.068241,-0.086925,0.043611,-0.031765,0.098643,0.15467,-0.097212,-0.15206,4.3627,-0.031947,0.020426,-0.025012,0.036783,-0.011054,-0.0064146,-0.088627,-0.11001,-0.059879,-0.0020834,-0.04362,-0.045337,0.045062,0.16723,-0.013529,-0.033072,0.096441,-0.10776,-0.20567,0.036017,-0.01102,0.078739,0.047707,0.031872,0.026842,0.022408,-0.051994,-0.095224,-0.091462,0.073398,-0.017298,-0.077045,-0.20193,0.17837,0.0838,-0.25576,-0.13066,0.023685,0.16618,-0.19197,0.037047,0.0641,-0.18083,-0.035732,0.010582,0.043651,-0.063904,-0.13759,-0.05057,0.11904,0.025055,-0.095565,-0.13836,0.024277,-0.020755,0.066444,-0.014933,-0.19603,-0.052947,-0.046578,-0.072142,-0.00011957,-0.024698,0.068739,0.15868,0.10822,-0.19168,-0.0099013,0.061177,-0.041677,0.051571,-0.11061,-0.089074,-0.014219,0.041255,-0.011881,-0.040942,0.014171,0.0079034,-0.10539,0.14657,-0.0033349,-0.21212,-0.0083926,-0.10787,-0.04196,-0.062576,-0.12775,0.074721
-0.042862,-0.096314,0.028929,-0.033819,-0.089292,0.1206,-0.10251,-0.069641,0.10223,-0.091299,-0.031947,4.2138,0.17112,0.12437,0.13072,0.087047,0.063535,0.1834,0.080383,0.067542,-0.055638,-0.088357,0.060768,-0.14203,0.1536,0.041758,0.08513,-0.015101,0.13812,0.08002,-0.103,0.0051611,-0.00096474,0.02783,0.15199,0.06181,0.073496,-0.019533,-0.11659,-0.21684,0.013393,0.13295,0.098128,0.16363,0.088095,-0.069522,-0.06617,-0.013878,-0.12709,0.033013,0.01068,-0.095196,-0.083805,-0.088506,-0.071395,0.10514,0.047643,0.12134,0.11263,0.077077,0.12281,-0.032965,-0.049327,-0.063902,0.012751,0.048388,0.13839,0.049487,0.093271,-0.043469,-0.13467,0.081314,-0.043374,-0.075381,-0.096431,-0.072756,-0.064237,0.18976,0.053066,-0.00071726,-0.034357,-0.029947,-0.13279,-0.1322,-0.097192,0.033141,0.11928,0.27932,0.082051,-0.084175,-0.17841,0.084509,-0.24472,0.04837,-0.092961,-0.032853,-0.0042595,-0.082809,0.0062851,0.082036
-0.092146,0.06991,-0.062985,-0.21386,-0.020213,-0.18392,-0.053825,0.06659,-0.08271,-0.0040411,0.020426,0.17112,4.1171,0.056423,-0.0041307,0.16117,0.088561,-0.076541,0.17562,-0.01634,0.14732,-0.025364,0.023957,0.1152,-0.14739,-0.070179,0.14572,-0.14929,0.020877,-0.11665,-0.064496,0.16901,0.072573,0.0039812,0.060157,0.075176,0.020463,-0.11405,0.16274,-0.010181,0.10483,0.17868,0.01539,0.10828,-0.089507,0.088777,0.05379,-0.04481,0.046399,0.13138,-0.037922,0.11873,0.038128,-0.063788,-0.19305,-0.037416,-0.18245,-0.041756,-0.07408,0.045885,-0.037265,-0.096506,-0.080857,-0.072858,-0.080057,-0.16892,-0.025265,0.053221,-0.092632,-0.049308,-0.052561,-0.029319,-0.00043516,-0.018057,-0.17014,0.021395,0.082932,0.0035176,0.081693,-0.065655,-0.020608,0.055997,0.14493,0.051491,-0.088775,0.020769,-0.045358,-0.16148,-0.031081,0.075308,0.13762,-0.12867,0.016476,0.014102,-0.040502,-0.0017625,0.14555,-0.0378,0.081143,-0.17277
-0.10733,-0.11098,0.13591,0.1499,-0.18264,-0.047045,-0.0072202,0.0033223,-0.11495,0.014332,-0.025012,0.12437,0.056423,4.3996,0.097905,0.020693,-0.1002,0.0059337,-0.22253,0.054243,-0.022192,0.013958,-0.038705,-0.17632,0.02012,0.022386,0.014443,0.197,-0.22236,-0.03144,-0.049449,0.11861,0.0013341,-0.043026,-0.06391,-0.007507,-0.012673,0.082706,0.047167,-0.056733,-0.043581,-0.049166,-0.1645,0.0064132,0.027651,0.034103,0.035587,0.064742,-0.10303,0.0095183,-0.026734,-0.0028007,0.13502,0.096628,-0.18306,-0.18632,0.12432,0.0028768,0.022687,0.0089545,-0.0083152,0.14829,-0.053098,-0.052086,0.063409,-0.0013152,0.021445,-0.16293,0.1042,-0.22337,0.094681,-0.081217,0.018779,-0.15462,0.13688,0.024393,-0.2099,0.036516,-0.072668,0.13207,0.10866,0.033592,-0.13895,0.057925,0.080576,0.050186,0.13517,0.18013,-0.012432,0.055249,-0.037182,0.13161,-0.042939,-0.19314,-0.0011058,0.12711,0.079482,-0.0046951,-0.0065652,-0.069058
0.13274,-0.11995,0.018595,-0.013331,0.093454,-0.032512,-0.031413,0.12418,-0.10214,-0.10071,0.036783,0.13072,-0.0041307,0.097905,4.038,-0.047837,-0.071536,-0.099695,-0.015119,0.16015,0.0078482,0.19001,0.050703,0.044969,-0.078009,0.085408,-0.11056,0.11775,0.067197,0.015137,0.06606,0.076551,0.020022,0.067478,0.018326,0.059846,-0.14104,-0.10426,-0.057419,0.024526,-0.15409,-0.023443,0.02102,0.20219,0.018267,0.0056471,-0.025701,0.21286,-0.11078,0.022166,0.0324,0.0050417,-0.074729,0.10424,0.041935,0.13037,-0.00014049,-0.10149,0.23194,0.007999,-0.18693,-0.049628,0.073027,-0.027783,0.00027385,-0.032594,-0.062706,0.070265,0.025545,-0.099719,-0.15469,-0.066164,0.062279,-0.11016,0.0090688,-0.1754,0.18595,-0.045884,0.12842,-0.083201,0.026511,0.13886,0.010787,0.081619,0.072936,-0.0022533,-0.0064365,-0.14901,0.099937,0.042796,-0.04181,-0.16002,0.0016271,0.0055544,0.093496,-0.037548,-0.023404,-0.12603,-0.20188,0.0069251
0.17539,-0.03917,0.015707,-0.081919,0.10472,0.20539,-0.2112,-0.041039,0.0201,0.13148,-0.011054,0.087047,0.16117,0.020693,-0.047837,4.0093,0.091831,-0.099865,0.12557,0.12353,-0.062383,-0.13291,0.080174,0.063599,0.059997,-0.047388,-0.088744,0.053841,-0.018915,-0.093942,0.016954,0.039787,-0.051546,-0.01063,0.095006,-0.022722,0.017037,0.10373,-0.013248,-0.29642,-0.20904,-0.19734,0.036889,-0.011002,0.12417,0.0036015,-0.019253,-0.28313,0.030468,-0.05855,0.085438,0.093275,0.098343,-0.069944,-0.042324,0.031477,0.23881,0.16635,0.21374,-0.053389,0.011433,0.063458,0.15963,0.2314,-0.13961,0.12946,0.10357,0.023103,0.07063,-0.092685,0.1987,0.010606,-0.16724,-0.128,0.12817,0.052829,-0.011219,0.070172,-0.19426,0.032249,-0.16513,-0.024986,0.19363,-0.0089916,-0.10929,-0.036956,-0.07075,-0.074135,-0.058378,-0.012821,-0.0060991,0.010913,0.095308,-0.002157,0.13934,-0.0076826,0.10348,-0.079763,0.050746,-0.014484
0.073176,0.014217,-0.01247,-0.11034,0.0073501,-0.20766,0.014375,-0.10304,-0.081129,-0.04807,-0.0064146,0.063535,0.088561,-0.1002,-0.071536,0.091831,4.196,-0.15589,-0.12475,0.030869,-0.13663,-0.064983,-0.048032,-0.13754,-0.093814,-0.14904,-0.17781,0.14969,0.092468,0.08992,-0.15151,-0.0074011,-0.020535,-0.12541,-0.19854,0.085608,-0.1075,0.10726,-0.16316,-0.013914,0.076845,0.074179,0.13703,-0.045476,-0.047058,0.020051,0.038878,-0.078438,0.056112,0.14168,0.043501,-0.038389,-0.1234,-0.021922,-0.11776,0.0032587,-0.071065,-0.076622,0.12864,0.07592,0.11636,-0.038821,0.04395,-0.011724,-0.083888,-0.042422,-0.020681,-0.12645,0.00047858,-0.13897,-0.096659,0.041086,0.060377,-0.1765,0.13467,0.20255,0.11485,-0.11928,0.011144,0.10899,0.17664,-0.10399,-0.056336,0.17247,-0.11997,-0.16133,0.061703,0.022362,0.017311,-0.07624,-0.097894,-0.13375,0.15667,-0.25792,-0.039541,-0.10325,-0.011689,-0.03067,0.087031,-0.033497
0.064473,-0.0038817,0.098976,-0.062739,0.13051,0.029196,-0.1628,-0.080791,0.10885,-0.029844,-0.088627,0.1834,-0.076541,0.0059337,-0.099695,-0.099865,-0.15589,4.2392,0.098384,-0.16978,-0.061253,0.2225,0.079641,0.081073,-0.10178,0.070363,-0.23688,0.021464,0.15215,0.20997,-0.052375,0.11246,-0.11035,0.05683,-0.0747,0.13436,-0.083432,-0.025904,0.029696,0.065081,-0.01236,-0.00016319,0.20237,0.078057,0.087239,0.10193,0.17682,-0.11713,0.036923,0.24477,-0.11692,-0.060313,0.073623,0.046876,-0.081412,0.098753,-0.16625,0.20599,-0.046183,0.017517,-0.044644,-0.027514,0.21373,-0.11029,-0.057621,0.18647,0.1212,-0.043938,-0.0035557,0.038111,-0.05417,-0.023271,-0.20103,-0.118,-0.036892,0.0028076,-0.0035782,-0.030708,0.027403,0.10071,0.2248,-0.1855,0.12501,0.12164,-0.043636,-0.072112,-0.021298,0.05484,-0.010362,-0.21737,-0.032272,0.019323,-0.13426,0.10453,-0.083953,-0.063362,-0.23406,0.059677,0.02845,0.21245
-0.12857,-0.093697,-0.1578,0.0031027,-0.15053,0.030447,-0.010365,-0.0064653,-0.071642,0.026826,-0.11001,0.080383,0.17562,-0.22253,-0.015119,0.12557,-0.12475,0.098384,3.9822,-0.03643,-0.035965,-0.081874,-0.19645,-0.11437,0.32957,-0.023717,0.018678,-0.013875,0.085881,0.037804,0.021119,-0.13755,-0.19632,0.0043314,-0.30053,-0.0113,-0.16612,-0.077506,0.076102,-0.023149,0.038379,0.038585,0.062848,-0.11548,-0.12177,0.24282,-0.14531,0.079606,-0.14783,0.050972,-0.034642,0.28911,0.042339,-0.14055,0.031356,0.1016,-0.075412,-0.0054879,0.099693,0.052039,0.089132,0.020462,0.07105,0.21907,0.0011444,-0.07549,-0.11833,-0.079375,-0.14143,0.074732,0.32442,-0.19441,0.028559,0.048948,0.21508,-0.056901,-0.062904,0.19931,-0.0046596,0.030113,-0.12452,0.091354,0.13216,0.061307,0.03677,0.04876,0.077787,0.067962,0.0042247,0.29073,0.0011928,0.095412,0.0628,0.00025786,0.099596,0.077087,0.038162,-0.10158,0.026797,-0.008823
-0.054936,0.19951,0.28778,0.017612,0.093527,-0.059093,0.26156,-0.068165,0.15864,-0.0041558,-0.059879,0.067542,-0.01634,0.054243,0.16015,0.12353,0.030869,-0.16978,-0.03643,4.0028,-0.05211,0.0037853,0.090966,0.069161,-0.16882,0.001793,-0.072141,-0.074952,0.029842,-0.11406,0.03109,0.013918,0.20588,0.10521,-0.28539,0.11039,0.039916,0.17237,0.099668,0.23006,-0.10186,-0.007154,0.091276,-0.041992,-0.14505,-0.12807,0.063375,-0.0030748,0.07436,0.036105,-0.066706,0.025838,0.020007,0.20547,-0.01118,0.096974,-0.028286,0.15955,-0.074277,0.093272,-0.029654,0.16611,0.052214,0.028591,0.030646,0.0044061,0.157,-0.053925,0.041934,0.074909,-0.0062808,0.10609,-0.11482,0.057492,-0.036952,0.039389,-0.066381,-0.12077,-0.021414,0.01783,0.08671,-0.050018,-0.21224,0.13046,-0.10431,-0.076163,0.12986,-0.060043,0.1015,0.012994,-0.036421,-0.015405,-0.066487,-0.032926,-0.0064352,0.16876,-0.12922,0.057109,0.13611,-0.044752
-0.056377,-0.0011034,0.077892,0.071402,-0.094031,0.14507,0.099057,0.0021759,-0.097226,0.12188,-0.0020834,-0.055638,0.14732,-0.022192,0.0078482,-0.062383,-0.13663,-0.061253,-0.035965,-0.05211,4.1233,0.10953,0.0087923,-0.22611,0.043914,-0.045066,-0.15159,-0.054891,-0.12575,0.21493,-0.049401,0.014712,0.00024632,-0.13833,-0.10694,-0.01171,0.11296,0.22174,-0.074642,0.010635,0.078237,0.094928,0.06694,0.037026,-0.11572,0.01384,-0.088053,-0.083284,-0.14608,-0.060637,-0.0598,-0.19049,-0.033777,0.11378,-0.041391,0.10558,0.094851,-0.1886,0.064653,0.033579,0.030947,0.029784,0.025019,-0.11907,-0.070762,0.055429,-0.18017,-0.087116,-0.21018,-0.063875,-0.076043,-0.048659,0.14776,-0.024799,0.28157,-0.0026031,0.17798,-0.066952,0.027566,0.063231,0.040261,0.088888,-0.021101,0.2849,0.031549,0.19021,-0.22275,-0.16983,0.061114,-0.066512,0.032756,0.036942,0.014179,-0.017829,-0.028544,0.12818,0.013257,0.0081594,-0.1438,-0.0083605
-0.06845,-0.19866,0.11027,0.047304,0.044857,0.15548,0.094692,0.023666,-0.046759,-0.16467,-0.04362,-0.088357,-0.025364,0.013958,0.19001,-0.13291,-0.064983,0.2225,-0.081874,0.0037853,0.10953,4.0764,0.062633,0.058434,0.20688,0.10463,-0.076789,-0.18714,0.05742,-0.085297,0.029134,-0.14395,0.045917,0.11362,-0.06904,0.064006,-0.083021,0.16264,0.045988,0.0099672,-0.051362,-0.010179,0.063341,-0.24495,0.14886,-0.058097,-0.015593,0.023719,-0.049329,-0.039677,0.16324,-0.07863,0.065251,-0.15274,-0.14909,0.10254,-0.00067149,0.049602,0.068928,-0.15861,0.16113,-0.068945,-0.054747,-0.066319,0.093563,0.10081,0.059565,-0.081488,0.22803,0.16696,-0.013602,0.041141,0.19267,0.16021,0.042631,0.13293,-0.13262,-0.053148,-0.18864,-0.01049,-0.019401,0.053133,0.034796,0.053903,-0.14232,-0.011989,-0.0072984,0.055263,0.10965,-0.014591,-0.047782,0.047518,-0.11081,-0.16291,-0.0058081,-0.13934,-0.033993,-0.13798,0.095033,-0.01069
-0.12299,-0.024265,-0.03681,-0.011624,0.20317,0.23226,-0.041995,0.048278,-0.037508,-0.013025,-0.045337,0.060768,0.023957,-0.038705,0.050703,0.080174,-0.048032,0.079641,-0.19645,0.090966,0.0087923,0.062633,4.3,-0.21351,-0.10734,0.17433,-0.14076,-0.069506,0.037299,-0.062736,-0.090548,-0.10879,-0.088335,0.16583,-0.10967,0.018755,-0.046999,0.18691,-0.0088677,-0.092755,0.055429,0.19684,0.21243,-0.11656,-0.053584,-0.23408,-0.079245,0.071781,-0.21724,0.060509,0.05884,0.047198,0.11599,-0.073108,-0.017887,0.0037347,-0.014784,-0.096213,-0.027696,0.17161,0.060617,-0.12288,-0.063814,0.013427,0.22263,0.027364,-0.13536,-0.031705,-0.10447,-0.079015,-0.069306,-0.025557,-0.017996,-0.017838,-0.1641,-0.027538,-0.24674,0.051239,-0.15236,-0.18565,0.0035086,0.2578,0.2089,0.098604,-0.13599,0.069518,0.19951,-0.0099759,-0.073289,0.023343,0.012446,0.07623,0.037973,0.036006,0.028136,-0.019742,0.027629,-0.13258,-0.10051,-0.2215
-0.048987,-0.031259,0.016895,-0.12477,-0.076979,0.13929,0.1568,-0.19535,-0.22607,0.19774,0.045062,-0.14203,0.1152,-0.17632,0.044969,0.063599,-0.13754,0.081073,-0.11437,0.069161,-0.22611,0.058434,-0.21351,4.3159,0.00075787,0.017998,-0.019031,0.18411,0.12523,0.075596,0.034077,-0.0036471,0.10056,-0.006146,0.01783,0.096561,-0.0051129,-0.051065,-0.1749,-0.14437,0.0098117,0.16585,7.6529e-05,0.0076117,-0.16718,-0.11123,-0.018489,-0.13522,0.086997,-0.022488,-0.0090569,-0.097915,-0.059556,0.12056,-0.026732,-0.04691,0.11103,-0.22887,-0.012519,-0.068066,0.069502,-0.05494,-0.10304,-0.11731,0.11072,0.033697,-0.084464,0.041332,0.052363,0.23194,-0.13058,-0.058442,-0.095906,0.076326,-0.18725,-0.10455,-0.0059852,-0.24406,-0.0052742,0.14527,0.015561,0.12356,-0.060455,-0.091959,-0.028815,0.011075,-0.052694,0.021001,0.12689,0.13811,-0.27748,-0.010795,-0.0088299,-0.058939,-0.045098,-0.18396,-0.11847,0.092116,-0.17159,0.003222
0.057745,0.077435,0.040528,0.079526,0.091033,0.0058269,-0.037999,-0.042252,0.016312,-0.20444,0.16723,0.1536,-0.14739,0.02012,-0.078009,0.059997,-0.093814,-0.10178,0.32957,-0.16882,0.043914,0.20688,-0.10734,0.00075787,4.1517,-0.048916,0.10336,0.045917,0.10872,-0.12341,-0.0071054,-0.0037827,0.18099,-0.054667,-0.097845,0.14169,0.029637,0.14609,0.15853,0.11488,-0.02819,-0.11478,0.25093,-0.0047782,-0.15744,0.043754,-0.077711,0.10245,0.11018,0.062201,0.025264,-0.034873,-0.16844,0.038688,0.032817,0.13216,0.017607,-0.03408,-0.12264,1.7936e-05,-0.15835,0.12174,0.087359,-0.13353,0.022465,0.003103,0.044282,0.024196,0.022315,0.16006,-0.041546,0.044124,-0.07914,-0.056224,-0.041574,0.12752,-0.12809,0.047199,-0.086068,-0.12801,-0.13232,0.02901,0.2115,0.025591,0.043164,-0.06795,0.035983,-0.13319,-0.16297,0.16367,-0.098112,-0.11085,-0.00037704,0.086396,-0.083085,-0.022003,0.15945,-0.0043863,0.0077129,0.15899
-0.058878,0.10957,0.039944,-0.22374,0.069585,-0.037937,-0.050781,0.072093,0.053217,0.10098,-0.013529,0.041758,-0.070179,0.022386,0.085408,-0.047388,-0.14904,0.070363,-0.023717,0.001793,-0.045066,0.10463,0.17433,0.017998,-0.048916,4.1074,0.0094344,0.1911,0.2015,0.16398,0.049871,-0.06387,0.12344,0.032349,-0.11095,0.011101,0.11198,-0.14703,0.018636,-0.13135,0.24464,-0.083176,-0.048816,0.12865,0.0061932,0.024728,-0.22848,-0.026476,0.040123,0.1024,-0.139,0.1349,0.019945,-0.048209,0.006991,0.038332,-0.080362,-0.057538,-0.021787,0.16796,0.075195,0.15898,-0.23763,0.010227,-0.13845,-0.038245,-0.091422,-0.029805,0.040073,0.017508,-0.0086981,0.00023479,-0.069485,0.033845,0.016404,0.0062991,0.054383,-0.034767,0.015397,-0.14585,0.044922,-0.1958,-0.14964,-0.12669,0.047862,-0.10898,-0.16686,0.16873,0.031756,0.15614,0.030022,0.048634,0.030133,-0.26814,0.056683,0.054094,0.068997,-0.16699,-0.04842,-0.020268
0.081836,0.008363,-0.040699,-0.13092,0.079119,0.14545,-0.048867,0.074599,0.014527,-0.14053,-0.033072,0.08513,0.14572,0.014443,-0.11056,-0.088744,-0.17781,-0.23688,0.018678,-0.072141,-0.15159,-0.076789,-0.14076,-0.019031,0.10336,0.0094344,4.2777,0.10584,-0.19236,0.15792,-0.040693,-0.055174,-0.050458,-0.063099,-0.03814,0.053261,-0.066164,0.099038,0.069973,0.030555,-0.0088053,-0.039271,0.017616,0.070244,0.059568,0.11883,-0.037448,-0.028655,0.10122,0.014809,0.0059065,0.12974,-0.10631,-0.016088,-0.056081,0.062454,-0.1283,0.074623,0.013052,0.048622,-0.14906,0.0063527,0.12809,-0.045117,0.092483,0.0090736,-0.095671,0.13761,-0.11912,-0.17211,-0.040479,-0.079432,-0.080269,-0.12536,0.061459,-0.055082,-0.18279,0.043094,0.03006,0.0064194,0.0033279,0.041871,-0.044766,0.092665,-0.10004,0.046664,0.16529,-0.12683,-0.16121,-0.35037,-0.021868,0.061338,-0.065516,0.093717,0.035984,0.05697,-0.1121,-0.14904,0.053171,-0.075202
-0.023796,0.037557,0.13305,0.13324,0.064628,0.019539,0.019669,0.056504,0.079437,-0.088283,0.096441,-0.015101,-0.14929,0.197,0.11775,0.053841,0.14969,0.021464,-0.013875,-0.074952,-0.054891,-0.18714,-0.069506,0.18411,0.045917,0.1911,0.10584,4.1247,0.073716,0.027996,-0.03465,0.10426,0.035904,-0.015326,-0.097398,-0.011935,0.1067,0.023207,0.0027534,0.19278,-0.14475,0.10494,-0.037338,-0.01268,-0.0041489,0.029905,0.16065,0.078584,0.11692,0.054658,0.028229,-0.02055,-0.024454,-0.082767,-0.065951,-0.10906,-0.068213,0.014575,0.019393,0.14151,0.097347,-0.034935,-0.10834,0.089749,0.080394,-0.026361,0.048383,0.080884,-0.13988,-0.030042,0.12797,0.052064,0.026187,0.051481,-0.059427,0.13751,-0.11619,-0.031061,0.048669,0.0439,-0.20009,-0.044731,-0.25203,0.24853,-0.0096776,0.066464,0.019096,-0.11694,-0.043485,-0.08569,-0.0023643,0.0061807,0.25303,0.12456,-0.01134,0.024197,-0.09287,-0.11825,0.066617,0.08803
-0.29568,0.049711,0.018252,0.12028,-0.13922,0.13431,0.022815,0.066392,-0.20492,-0.09361,-0.10776,0.13812,0.020877,-0.22236,0.067197,-0.018915,0.092468,0.15215,0.085881,0.029842,-0.12575,0.05742,0.037299,0.12523,0.10872,0.2015,-0.19236,0.073716,4.0259,-0.0058993,0.090887,0.053786,0.15794,-0.14148,0.18925,-0.063099,0.032327,-0.049831,0.17443,0.089441,-0.017239,0.18913,0.34633,-0.13546,-0.038691,-0.088474,0.16578,0.091121,-0.10151,0.138,-0.20192,0.059046,0.044475,-0.081171,-0.15366,-0.10828,-0.055721,0.036317,0.061514,0.044948,0.042136,-0.0064684,-0.16629,0.025446,0.037783,-0.094767,-0.13283,-0.052741,-0.073987,-0.0079037,-0.14137,0.018258,0.041472,0.11706,0.16165,-0.026415,-0.13084,-0.08813,-0.1188,-0.072131,-0.056507,0.073852,-0.096111,0.054417,0.14271,0.089802,0.20041,-0.060605,-0.012498,0.024352,0.11863,0.26609,0.040127,-0.21907,0.097642,0.00073632,-0.13161,0.081593,0.015929,0.048495
-0.20034,-0.053708,0.037657,0.076626,0.0073864,-0.045268,0.032209,0.0085325,0.039835,-0.070136,-0.20567,0.08002,-0.11665,-0.03144,0.015137,-0.093942,0.08992,0.20997,0.037804,-0.11406,0.21493,-0.085297,-0.062736,0.075596,-0.12341,0.16398,0.15792,0.027996,-0.0058993,4.2422,0.037752,0.14097,-0.05445,-0.01054,0.10585,0.064941,0.053955,-0.077911,-0.13318,0.15203,0.092425,0.0038681,0.034405,0.21424,-0.002852,0.053173,0.13935,0.11851,-0.19882,-0.13499,-0.040304,0.015314,0.011899,-0.048965,-0.1183,0.044545,0.027683,0.051036,-0.13842,0.11634,0.082963,-0.037202,0.0020261,0.024447,0.066538,0.10687,0.17194,-0.2547,-0.014408,-0.014185,-0.012939,0.15333,0.10184,0.11935,0.022903,-0.058929,0.039198,-0.1254,-0.14301,-0.00083943,0.1455,0.060956,0.116,0.13584,0.019226,0.01446,0.22002,-0.12893,0.051105,-0.15833,-0.073661,-0.11098,0.027041,0.22391,0.059355,0.0020221,0.023392,-0.032172,-0.050973,0.031353
0.071798,-0.11592,-0.14759,0.11104,0.17678,-0.051527,-0.064522,0.02223,-0.036597,-0.094055,0.036017,-0.103,-0.064496,-0.049449,0.06606,0.016954,-0.15151,-0.052375,0.021119,0.03109,-0.049401,0.029134,-0.090548,0.034077,-0.0071054,0.049871,-0.040693,-0.03465,0.090887,0.037752,4.0588,-0.016107,0.14162,-0.2016,0.014161,0.14035,0.0021233,-0.098437,0.067491,-0.067834,0.087659,0.021484,-0.28294,0.015149,-0.060912,0.098956,0.062191,-0.013073,-0.063001,-0.016563,0.059336,0.059648,0.063197,0.054641,0.051082,-0.086722,0.063015,0.023967,-0.030725,0.085744,0.071802,0.03433,0.029355,-0.11672,-0.032564,-0.18556,0.071824,-0.089337,-0.0069305,-0.14078,0.16465,0.081321,-0.1478,0.001237,-0.056521,0.093645,-0.11717,-0.062244,-0.043006,-0.087772,0.16435,0.1081,0.17789,0.025656,0.079259,-0.106,0.054581,0.0087748,0.0023577,-0.066323,-0.071983,0.092798,-0.01229,-0.027108,-0.096808,0.16597,-0.059447,0.068303,-0.061103,-0.020304
0.078811,0.16293,-0.20029,-0.018518,0.15632,-0.014984,0.051146,-0.095896,-0.011934,-0.13347,-0.01102,0.0051611,0.16901,0.11861,0.076551,0.039787,-0.0074011,0.11246,-0.13755,0.013918,0.014712,-0.14395,-0.10879,-0.0036471,-0.0037827,-0.06387,-0.055174,0.10426,0.053786,0.14097,-0.016107,4.194,0.07172,0.10207,0.11878,0.010764,0.09233,0.1453,-0.096025,-0.0027147,0.0029359,0.011115,-0.045319,-0.18299,-0.11214,-0.30143,-0.023452,-0.014292,0.081221,0.089145,-0.013267,-0.17005,0.08519,0.022716,0.04171,0.11016,-0.091697,-0.047461,-0.21015,0.023896,-0.01472,-0.25522,-0.13106,0.069968,-0.10707,0.04335,-0.071105,0.24213,-0.1512,0.065403,0.059255,0.028762,0.03199,-0.088197,0.053198,-0.0057812,0.1227,-0.14465,-0.06006,0.06839,-0.071358,0.10062,0.060983,-0.12782,0.16907,0.076476,0.017102,-0.028999,-0.099607,-0.015234,0.068286,-0.046855,0.070346,0.098289,0.067669,-0.057827,-0.13673,0.024517,-0.0872,0.16753
0.086823,0.13106,0.0075193,-0.1408,-0.25221,-0.14366,-0.25627,0.089337,-0.058142,0.18079,0.078739,-0.00096474,0.072573,0.0013341,0.020022,-0.051546,-0.020535,-0.11035,-0.19632,0.20588,0.00024632,0.045917,-0.088335,0.10056,0.18099,0.12344,-0.050458,0.035904,0.15794,-0.05445,0.14162,0.07172,4.0901,-0.042533,-0.063447,0.055613,0.099507,-0.10543,0.1011,0.026366,-0.019476,-0.016551,-0.24046,-0.030598,0.044508,0.086921,0.075363,-0.084148,-0.12909,0.053142,0.090247,-0.12921,-0.013373,-0.18461,-0.10924,-0.11696,-0.0090669,0.14343,-0.16229,0.055744,-0.26877,0.094635,0.03999,0.028151,0.1837,0.00019258,0.050462,-0.047146,-0.04371,-0.0077639,0.052632,0.0054828,-0.069435,-0.05502,-0.21282,0.24066,0.032188,0.21459,-0.11356,-0.10157,-0.10944,-0.18238,-0.042765,-0.05006,-0.13602,0.00056601,0.081077,-0.14116,-0.16708,-0.10766,0.076099,0.096537,-0.078625,-0.073875,0.21497,-0.1183,-0.22632,0.15355,0.13827,0.025302
0.030288,-0.010448,0.20597,0.18218,0.10172,-0.086358,0.12361,-0.0021885,0.039432,-0.0059633,0.047707,0.02783,0.0039812,-0.043026,0.067478,-0.01063,-0.12541,0.05683,0.0043314,0.10521,-0.13833,0.11362,0.16583,-0.006146,-0.054667,0.032349,-0.063099,-0.015326,-0.14148,-0.01054,-0.2016,0.10207,-0.042533,4.3012,-0.022501,-0.15191,-0.1079,0.097964,0.065484,-0.18483,-0.060802,-0.14472,0.037276,0.073632,-0.10348,-0.012851,-0.074969,-0.066915,-0.075614,0.046403,0.22408,-0.002481,-0.059188,0.035305,-0.3671,-0.20761,-0.012284,-0.13798,0.12717,0.088378,0.04049,-0.2303,-0.097105,-0.054721,0.058186,-0.025246,0.039853,-0.046971,0.15192,-0.10663,-0.21069,-0.040064,0.048414,-0.011566,0.14264,0.29811,0.10842,-0.049963,-0.00013251,-0.17036,-0.14365,-0.10734,0.093634,0.068243,-0.0577,0.12546,0.047879,-0.18541,0.047756,-0.16413,0.15545,-0.014193,-0.0097071,-0.11908,-0.00011719,0.14473,0.012355,-0.081671,-0.049415,0.023891
-0.10602,-0.028014,0.19154,-0.018302,0.080872,-0.036492,-0.092306,0.12275,-0.23769,0.096717,0.031872,0.15199,0.060157,-0.06391,0.018326,0.095006,-0.19854,-0.0747,-0.30053,-0.28539,-0.10694,-0.06904,-0.10967,0.01783,-0.097845,-0.11095,-0.03814,-0.097398,0.18925,0.10585,0.014161,0.11878,-0.063447,-0.022501,4.1339,0.0064856,-0.05066,-0.017747,-0.067661,0.063161,-0.0027755,-0.078178,-0.014351,0.087503,-0.039659,0.063308,0.084669,0.039341,0.12214,0.0080339,0.034355,0.066087,0.21904,0.10924,0.22378,0.21491,0.031206,-0.016094,-0.069812,0.044497,-0.20045,-0.078069,0.11577,-0.034605,-0.021302,0.076591,-0.079264,0.024701,0.078009,-0.074313,0.19233,-0.060274,0.016386,-0.087303,-0.0010244,-0.040334,-0.016333,-0.069492,-0.10624,-0.14272,0.064092,0.11387,-0.17554,0.15393,-0.092309,-0.069797,0.067452,-0.0050685,0.093104,0.034759,0.017299,-0.011122,-0.096017,-0.022743,-0.179,0.054792,0.027013,-0.12779,-0.03075,-0.16957
0.021326,0.12792,-0.0048619,-0.0079538,0.091394,-0.14822,0.10342,-0.053178,0.0065843,0.091462,0.026842,0.06181,0.075176,-0.007507,0.059846,-0.022722,0.085608,0.13436,-0.0113,0.11039,-0.01171,0.064006,0.018755,0.096561,0.14169,0.011101,0.053261,-0.011935,-0.063099,0.064941,0.14035,0.010764,0.055613,-0.15191,0.0064856,4.3084,0.10153,0.11841,-0.083473,-0.1784,-0.1597,0.028311,0.077097,0.048891,-0.11581,-0.0042168,0.021861,-0.18167,0.062559,-0.010735,0.032828,0.018724,-0.086933,0.0013934,0.087069,0.076048,-0.1141,0.18387,0.19929,-0.081171,-0.0050608,-0.013304,-0.082714,0.062786,0.009116,0.060821,-0.025917,0.092444,-0.044411,0.12574,-0.043841,-0.099589,-0.25719,-0.016994,-0.14265,-0.10265,-0.0075439,0.023327,-0.0075693,0.018929,-0.053657,-0.1292,0.12763,-0.037887,-0.13681,-0.15944,-0.032888,0.003938,-0.19991,-0.18969,-0.025666,-0.068961,0.21068,-0.086662,-0.019601,-0.070642,-0.11442,0.076279,0.087836,0.077851
-0.10956,-0.04317,-0.10981,0.096989,-0.02287,-0.043747,0.15813,-0.063813,-0.094257,-0.063065,0.022408,0.073496,0.020463,-0.012673,-0.14104,0.017037,-0.1075,-0.083432,-0.16612,0.039916,0.11296,-0.083021,-0.046999,-0.0051129,0.029637,0.11198,-0.066164,0.1067,0.032327,0.053955,0.0021233,0.09233,0.099507,-0.1079,-0.05066,0.10153,4.2794,0.0054692,0.067658,-0.043081,0.021319,-0.010128,0.18363,-0.15937,0.00337,0.074736,0.14469,-0.097305,0.12636,0.033816,0.016171,0.12575,0.10506,0.073426,-0.062056,0.10194,-0.29379,-0.013965,0.039182,0.078803,-0.080205,-0.024529,0.037776,-0.063277,-0.049265,0.017736,0.029231,0.19454,0.080725,-0.052283,0.058657,-0.17235,0.036452,-0.10547,-0.056008,0.19801,-0.0055201,0.24914,-0.064709,-0.18125,-0.047013,-0.14019,0.0096279,0.083183,-0.04353,0.1179,0.020786,0.1993,0.17535,0.023191,-0.19723,0.021415,-0.089862,-0.16377,0.086098,0.07916,-0.050379,-0.010433,-0.066235,0.037836
0.051434,-0.077029,-0.0096681,0.17895,-0.15032,0.087948,-0.073319,-0.021402,-0.093821,-0.068889,-0.051994,-0.019533,-0.11405,0.082706,-0.10426,0.10373,0.10726,-0.025904,-0.077506,0.17237,0.22174,0.16264,0.18691,-0.051065,0.14609,-0.14703,0.099038,0.023207,-0.049831,-0.077911,-0.098437,0.1453,-0.10543,0.097964,-0.017747,0.11841,0.0054692,3.98,-0.060298,0.15092,0.057081,0.092723,0.024055,0.20537,-0.078496,-0.03104,0.027177,0.011095,0.056466,-0.026059,-0.064797,0.033116,0.023421,0.18239,0.092256,-0.11538,0.083216,-0.0093733,-0.078641,0.16663,0.10274,0.088233,-0.16946,-0.0046975,-0.01433,-0.001605,0.033201,0.11428,0.1949,-0.055905,-0.22454,-0.10633,0.047897,0.17627,0.010128,0.029155,0.15425,0.18836,0.040113,0.039736,-0.037426,-0.081279,0.040631,0.037003,0.036066,-0.068311,0.026784,0.19347,0.0055094,0.031154,0.039189,-0.089167,0.14897,0.051928,-0.079954,-0.10978,0.035277,0.037078,-0.026451,-0.12269
-0.038581,-0.0045582,-0.0083109,0.016519,-0.038501,-0.019136,0.052717,-0.0481,-0.044798,-0.078583,-0.095224,-0.11659,0.16274,0.047167,-0.057419,-0.013248,-0.16316,0.029696,0.076102,0.099668,-0.074642,0.045988,-0.0088677,-0.1749,0.15853,0.018636,0.069973,0.0027534,0.17443,-0.13318,0.067491,-0.096025,0.1011,0.065484,-0.067661,-0.083473,0.067658,-0.060298,4.2075,0.13851,-0.078381,-0.03945,0.08006,0.034324,0.057936,0.17216,-0.0048467,-0.14602,-0.11068,0.099907,-0.045055,0.16809,0.012077,-0.18631,0.070391,0.064763,0.097593,0.04895,-0.00071394,-0.11944,-0.00060673,0.1112,0.084071,-0.04129,0.015122,-0.02249,0.012834,0.022425,-0.19511,-0.051602,-0.012544,-0.11861,0.016251,0.11195,-0.043108,0.033886,-0.16029,-0.044534,-0.17817,0.086072,0.16563,0.13838,-0.065171,-0.061193,-0.19606,0.21149,0.029227,0.048364,0.20736,0.11721,-0.053086,-0.062118,-0.079062,-0.018298,0.010306,-0.25112,0.09748,0.014839,0.044582,-0.04014
-0.19119,-0.10278,-0.13947,-0.1699,0.06758,0.16608,-0.089183,0.08339,0.022134,-0.051547,-0.091462,-0.21684,-0.010181,-0.056733,0.024526,-0.29642,-0.013914,0.065081,-0.023149,0.23006,0.010635,0.0099672,-0.092755,-0.14437,0.11488,-0.13135,0.030555,0.19278,0.089441,0.15203,-0.067834,-0.0027147,0.026366,-0.18483,0.063161,-0.1784,-0.043081,0.15092,0.13851,3.8951,0.09491,-0.06853,-0.078161,-0.15377,-0.040081,-0.041873,-0.028937,-0.086122,0.18187,-0.088771,-0.099818,0.15817,-0.011986,-0.029396,-0.013035,0.0060931,0.067978,-0.10828,0.03537,-0.23228,0.026795,-0.0039244,0.033775,0.065372,0.055379,-0.18645,-0.044445,0.15841,0.027859,-0.083632,-0.060701,-0.05958,-0.072597,0.088556,-0.044717,0.036987,0.030015,0.034385,0.10807,0.11774,-0.073389,0.276,0.081496,0.048189,-0.29596,-0.084181,0.10078,0.090959,-0.074362,0.10646,0.029844,0.029401,-0.058428,-0.13958,-0.081278,0.14963,-0.15153,-0.030948,0.13595,-0.14333
0.068242,0.072605,-0.10479,0.04333,-0.082242,-0.24147,0.072152,-0.03613,-0.077842,-0.039693,0.073398,0.013393,0.10483,-0.043581,-0.15409,-0.20904,0.076845,-0.01236,0.038379,-0.10186,0.078237,-0.051362,0.055429,0.0098117,-0.02819,0.24464,-0.0088053,-0.14475,-0.017239,0.092425,0.087659,0.0029359,-0.019476,-0.060802,-0.0027755,-0.1597,0.021319,0.057081,-0.078381,0.09491,4.2117,0.19626,-0.093657,-0.10466,0.061082,0.065609,0.093393,-0.098295,-3.8615e-05,-0.048089,0.16069,-0.20343,0.049078,-0.042421,0.079819,-0.14417,0.0032943,0.11223,0.066981,-0.084761,0.021429,0.13617,0.020249,0.0718,-0.0065469,0.07487,-0.022725,0.15105,-0.037718,-0.054344,0.017189,0.064961,-0.079337,-0.16475,-0.18668,-0.0089362,0.04253,0.1029,0.060574,0.14085,0.05183,-0.022052,0.1854,0.11771,-0.059568,0.11872,-0.050502,0.21736,-0.094426,-0.0054366,-0.14793,-0.20909,0.03191,-0.0070965,-0.04749,-0.090005,0.023056,-0.063093,0.086176,0.19219
0.17948,0.0083854,-0.10726,-0.14043,-0.11322,-0.086578,-0.19843,0.12966,-0.25318,-0.031006,-0.017298,0.13295,0.17868,-0.049166,-0.023443,-0.19734,0.074179,-0.00016319,0.038585,-0.007154,0.094928,-0.010179,0.19684,0.16585,-0.11478,-0.083176,-0.039271,0.10494,0.18913,0.0038681,0.021484,0.011115,-0.016551,-0.14472,-0.078178,0.028311,-0.010128,0.092723,-0.03945,-0.06853,0.19626,4.3713,-0.065213,0.19777,0.051245,-0.067611,0.037661,-0.082072,-0.078409,-0.083301,-0.029372,-0.052767,-0.038954,-0.0028925,-0.082693,0.069988,-0.010623,0.13328,-0.0022588,-0.12896,-0.1907,-0.048313,0.059604,-0.126,-0.050175,-0.16844,-0.044705,-0.076208,-0.18703,-0.15891,0.098717,0.013869,0.03856,-0.098223,0.12039,0.072867,0.19574,0.092464,-0.049706,0.12919,-0.15684,-0.014641,0.046966,-0.04651,-0.13797,0.11858,0.12443,0.073032,-0.033333,0.12357,0.024793,0.035543,-0.0072959,0.12018,0.075925,0.033489,-0.083446,-0.079653,0.1511,0.16893
0.060295,-0.0020193,-0.06709,-0.012748,-0.033503,-0.099411,-0.031874,-0.10362,0.083514,0.055997,-0.077045,0.098128,0.01539,-0.1645,0.02102,0.036889,0.13703,0.20237,0.062848,0.091276,0.06694,0.063341,0.21243,7.6529e-05,0.25093,-0.048816,0.017616,-0.037338,0.34633,0.034405,-0.28294,-0.045319,-0.24046,0.037276,-0.014351,0.077097,0.18363,0.024055,0.08006,-0.078161,-0.093657,-0.065213,4.1682,-0.0045474,-0.033473,0.060179,-0.19684,0.023828,-0.0024327,0.11299,0.042091,0.015196,-0.15948,0.13054,-0.11016,-0.09194,-0.018085,-0.040305,0.019372,-0.035689,-0.0033059,-0.057188,0.10525,0.013002,-0.041389,-0.004574,0.033775,0.015231,-0.10745,0.077152,0.13695,0.033429,0.12768,0.07301,-0.022374,0.11989,-0.061785,0.053926,0.14937,-0.097345,-0.045888,0.06663,-0.0014336,-0.087516,0.12245,0.036046,0.0087124,0.12277,-0.037419,0.064687,-0.013165,-0.047225,0.070757,-0.0077009,-0.040046,-0.0037382,0.073171,0.1753,-0.20776,0.005482
