3.4610  0.4978  0.1260  0.0969  0.4992  0.0703  -0.3253 0.0789  -0.1314 0.1285  -0.0983 -0.0891 -0.0193 -0.1237 0.0321  -0.0447 0.3377  -0.1487 0.1848  0.3132 
0.4978  3.3496  0.0107  -0.0031 0.0094  -0.0233 0.0421  0.0838  0.1682  0.3211  -0.1270 0.1032  0.2299  -0.2314 -0.1934 -0.1486 0.0009  0.4546  0.1517  -0.4943
0.1260  0.0107  3.0808  -0.2119 0.1586  -0.0959 -0.1825 0.1535  -0.3691 0.3609  0.1177  0.2207  -0.2472 0.2143  -0.1636 0.0408  -0.0190 0.0202  -0.1554 0.2031 
0.0969  -0.0031 -0.2119 3.9655  0.4812  0.0273  -0.5268 0.3185  -0.0919 -0.0871 -0.1428 0.0465  0.3042  0.1233  0.4949  -0.0026 0.2634  0.2525  0.2962  -0.3176
0.4992  0.0094  0.1586  0.4812  3.9618  0.1500  -0.4280 0.4159  0.1703  0.1516  -0.0673 0.3420  0.1841  0.1209  -0.4249 -0.2595 0.0457  0.2972  0.3225  -0.4026
0.0703  -0.0233 -0.0959 0.0273  0.1500  3.6018  -0.2998 -0.1959 -0.2410 -0.3167 -0.0759 0.1193  0.4859  0.0696  -0.1715 0.0540  -0.3828 -0.0033 -0.2058 0.4582 
-0.3253 0.0421  -0.1825 -0.5268 -0.4280 -0.2998 3.8822  -0.2439 -0.2969 -0.0784 -0.3932 -0.0529 -0.2312 -0.2743 -0.1538 -0.2660 0.2299  -0.3875 -0.2827 -0.1082
0.0789  0.0838  0.1535  0.3185  0.4159  -0.1959 -0.2439 3.7257  0.4442  -0.5053 0.1894  0.0016  -0.0023 0.3460  -0.0193 0.3733  0.4621  0.0452  0.3110  0.4858 
-0.1314 0.1682  -0.3691 -0.0919 0.1703  -0.2410 -0.2969 0.4442  3.8199  -0.2954 -0.2957 0.0689  0.3144  0.1321  -0.2802 -0.3504 0.1166  0.0396  0.0979  -0.5230
0.1285  0.3211  0.3609  -0.0871 0.1516  -0.3167 -0.0784 -0.5053 -0.2954 3.9736  0.1793  0.1784  -0.1429 -0.4251 0.0649  0.2930  -0.2981 0.0900  -0.0312 0.6515 
-0.0983 -0.1270 0.1177  -0.1428 -0.0673 -0.0759 -0.3932 0.1894  -0.2957 0.1793  3.1928  0.1960  -0.1113 -0.1619 -0.2492 0.0872  0.3513  0.2427  -0.1393 0.2666 
-0.0891 0.1032  0.2207  0.0465  0.3420  0.1193  -0.0529 0.0016  0.0689  0.1784  0.1960  3.5685  -0.6710 0.2353  0.1374  -0.2222 -0.2638 -0.0792 0.0929  -0.0851
-0.0193 0.2299  -0.2472 0.3042  0.1841  0.4859  -0.2312 -0.0023 0.3144  -0.1429 -0.1113 -0.6710 3.1367  -0.1911 0.1453  -0.0478 -0.1845 0.0556  -0.1812 -0.5377
-0.1237 -0.2314 0.2143  0.1233  0.1209  0.0696  -0.2743 0.3460  0.1321  -0.4251 -0.1619 0.2353  -0.1911 3.4249  -0.2555 -0.2273 -0.1394 -0.1074 -0.2259 0.1569 
0.0321  -0.1934 -0.1636 0.4949  -0.4249 -0.1715 -0.1538 -0.0193 -0.2802 0.0649  -0.2492 0.1374  0.1453  -0.2555 4.2206  -0.1514 0.3235  0.4275  0.2486  -0.4170
-0.0447 -0.1486 0.0408  -0.0026 -0.2595 0.0540  -0.2660 0.3733  -0.3504 0.2930  0.0872  -0.2222 -0.0478 -0.2273 -0.1514 3.2190  0.1902  0.2222  -0.1045 -0.2402
0.3377  0.0009  -0.0190 0.2634  0.0457  -0.3828 0.2299  0.4621  0.1166  -0.2981 0.3513  -0.2638 -0.1845 -0.1394 0.3235  0.1902  4.0565  0.0919  0.6241  0.0182 
-0.1487 0.4546  0.0202  0.2525  0.2972  -0.0033 -0.3875 0.0452  0.0396  0.0900  0.2427  -0.0792 0.0556  -0.1074 0.4275  0.2222  0.0919  3.2432  -0.2447 0.2042 
0.1848  0.1517  -0.1554 0.2962  0.3225  -0.2058 -0.2827 0.3110  0.0979  -0.0312 -0.1393 0.0929  -0.1812 -0.2259 0.2486  -0.1045 0.6241  -0.2447 3.5863  -0.0123
0.3132  -0.4943 0.2031  -0.3176 -0.4026 0.4582  -0.1082 0.4858  -0.5230 0.6515  0.2666  -0.0851 -0.5377 0.1569  -0.4170 -0.2402 0.0182  0.2042  -0.0123 3.1073 
