4.4678  -0.0038 0.2872  -0.3903 0.1817  -0.2769 0.2029  -0.2027 -0.0423 -0.0049 0.0820  0.1520  -0.1978 -0.1447 0.1419  -0.4421 -0.4192 -0.1161 0.2456  0.0245  -0.2171 0.0325  0.0954  -0.0993 0.2763  0.0458  0.2711  0.0540  0.2840  0.0688 
-0.0038 3.7039  -0.2706 0.1275  -0.0596 -0.1100 0.2006  0.1325  -0.3114 0.0224  -0.1456 0.3669  0.2502  -0.3694 0.3267  0.4143  0.0702  0.0244  -0.3987 -0.1277 -0.2382 0.3744  0.6157  0.1886  0.4963  0.0008  -0.1098 0.4509  -0.5887 -0.2078
0.2872  -0.2706 4.6854  0.4592  -0.1371 0.3609  -0.1853 0.0941  -0.0440 -0.2982 -0.3546 0.3648  -0.1239 0.1203  -0.1382 0.3676  0.0565  -0.1006 0.0308  -0.2914 -0.4014 0.2723  0.1902  -0.3287 0.4200  0.0664  -0.0548 -0.0553 -0.0806 -0.2526
-0.3903 0.1275  0.4592  3.4310  -0.2147 -0.0373 -0.4148 -0.6299 0.4375  -0.1425 0.2433  -0.1828 0.3855  0.0185  0.2933  -0.3325 0.0367  0.1119  -0.4213 0.1081  -0.0490 -0.0388 -0.3907 0.2606  -0.2568 -0.1910 -0.2358 -0.1119 -0.0216 0.2726 
0.1817  -0.0596 -0.1371 -0.2147 4.5346  0.1304  0.1900  -0.1109 -0.3685 0.0815  0.3668  -0.0605 0.1747  -0.1264 0.1529  -0.0251 0.3261  0.2117  0.2012  -0.1156 0.1169  -0.0037 -0.5467 0.0108  -0.1312 -0.0035 -0.0995 0.1015  0.1457  -0.1354
-0.2769 -0.1100 0.3609  -0.0373 0.1304  4.0456  -0.2331 -0.2697 0.3078  0.2687  0.7287  0.4502  0.2624  -0.2046 0.2709  0.1627  -0.8445 0.0937  0.0568  0.5862  -0.1120 0.0301  -0.2151 -0.2004 0.3443  0.2715  -0.1383 -0.1656 -0.2072 0.0487 
0.2029  0.2006  -0.1853 -0.4148 0.1900  -0.2331 4.4404  -0.0750 0.4420  0.1424  0.0597  0.2878  0.3953  0.1302  0.1928  -0.0821 -0.3152 0.2918  -0.1684 0.1056  -0.1028 0.0543  0.0877  -0.1929 0.0242  -0.4115 -0.2911 -0.1427 -0.2185 0.1155 
-0.2027 0.1325  0.0941  -0.6299 -0.1109 -0.2697 -0.0750 4.1128  0.3297  -0.4812 0.3333  0.0586  0.1323  0.3107  -0.0588 -0.0580 0.0654  -0.3649 0.0953  0.0526  -0.1082 0.0915  0.0892  -0.1656 0.2000  0.2546  0.0275  -0.1056 -0.0518 -0.1356
-0.0423 -0.3114 -0.0440 0.4375  -0.3685 0.3078  0.4420  0.3297  4.3552  0.1459  -0.3528 0.0988  0.0161  -0.1702 0.2627  -0.0425 0.5969  -0.0754 0.2555  0.0812  -0.0856 -0.0057 -0.1421 -0.1545 0.1367  0.1614  0.1270  0.2770  0.4605  0.0574 
-0.0049 0.0224  -0.2982 -0.1425 0.0815  0.2687  0.1424  -0.4812 0.1459  4.2442  -0.4827 0.1418  -0.1336 0.3915  -0.4456 0.1678  0.1779  -0.2580 0.0786  -0.0559 -0.2757 0.0582  0.2346  -0.1489 0.2426  0.1437  -0.0185 0.1294  0.3381  0.2704 
0.0820  -0.1456 -0.3546 0.2433  0.3668  0.7287  0.0597  0.3333  -0.3528 -0.4827 4.0491  -0.0326 -0.1297 -0.0444 0.1641  -0.1737 0.1578  -0.1904 -0.2475 -0.1165 -0.1080 0.0407  0.1973  -0.1608 -0.2193 -0.0090 0.2900  0.1959  0.1380  0.1649 
0.1520  0.3669  0.3648  -0.1828 -0.0605 0.4502  0.2878  0.0586  0.0988  0.1418  -0.0326 4.3829  -0.1871 0.2702  -0.4061 0.0736  0.1990  -0.0408 0.3008  -0.0406 0.2086  -0.3426 -0.2609 0.4724  -0.3255 -0.0692 0.2715  -0.4246 -0.1031 -0.0471
-0.1978 0.2502  -0.1239 0.3855  0.1747  0.2624  0.3953  0.1323  0.0161  -0.1336 -0.1297 -0.1871 3.9844  0.2140  -0.4765 -0.0091 0.3338  -0.2904 -0.0024 0.3715  -0.1801 -0.2122 -0.2362 0.1375  0.1359  -0.1480 0.2415  0.0354  -0.2524 0.0441 
-0.1447 -0.3694 0.1203  0.0185  -0.1264 -0.2046 0.1302  0.3107  -0.1702 0.3915  -0.0444 0.2702  0.2140  4.5961  0.0469  -0.2036 -0.6464 0.0813  -0.1204 -0.2576 -0.1346 0.1409  -0.2476 -0.0596 0.0451  0.1473  0.2483  0.0203  0.1898  -0.0854
0.1419  0.3267  -0.1382 0.2933  0.1529  0.2709  0.1928  -0.0588 0.2627  -0.4456 0.1641  -0.4061 -0.4765 0.0469  3.6475  -0.0421 -0.2091 -0.0195 0.4915  -0.2231 0.2182  -0.5802 -0.2278 -0.3153 -0.2512 0.1227  -0.3474 0.0574  -0.0394 0.2713 
-0.4421 0.4143  0.3676  -0.3325 -0.0251 0.1627  -0.0821 -0.0580 -0.0425 0.1678  -0.1737 0.0736  -0.0091 -0.2036 -0.0421 3.6355  -0.1274 -0.0915 0.2085  0.0352  0.1038  -0.1503 0.0911  -0.5136 0.0024  -0.3053 0.0196  -0.2027 0.1441  -0.0393
-0.4192 0.0702  0.0565  0.0367  0.3261  -0.8445 -0.3152 0.0654  0.5969  0.1779  0.1578  0.1990  0.3338  -0.6464 -0.2091 -0.1274 3.3379  0.1785  0.0716  0.0149  0.0994  0.1752  0.0428  -0.2564 -0.1750 0.1779  0.0586  0.1699  -0.2147 0.0312 
-0.1161 0.0244  -0.1006 0.1119  0.2117  0.0937  0.2918  -0.3649 -0.0754 -0.2580 -0.1904 -0.0408 -0.2904 0.0813  -0.0195 -0.0915 0.1785  4.3818  -0.0780 0.4191  -0.0260 -0.0891 -0.0092 -0.1644 -0.0204 0.3262  0.2898  0.0738  -0.1866 -0.1717
0.2456  -0.3987 0.0308  -0.4213 0.2012  0.0568  -0.1684 0.0953  0.2555  0.0786  -0.2475 0.3008  -0.0024 -0.1204 0.4915  0.2085  0.0716  -0.0780 3.8568  0.1863  -0.0924 0.3412  -0.0268 0.3502  -0.6189 0.1791  -0.1428 0.5811  -0.3801 0.0946 
0.0245  -0.1277 -0.2914 0.1081  -0.1156 0.5862  0.1056  0.0526  0.0812  -0.0559 -0.1165 -0.0406 0.3715  -0.2576 -0.2231 0.0352  0.0149  0.4191  0.1863  4.0620  -0.4118 0.4553  0.4353  0.1220  -0.0133 0.0404  0.1035  -0.2501 0.0908  -0.4706
-0.2171 -0.2382 -0.4014 -0.0490 0.1169  -0.1120 -0.1028 -0.1082 -0.0856 -0.2757 -0.1080 0.2086  -0.1801 -0.1346 0.2182  0.1038  0.0994  -0.0260 -0.0924 -0.4118 4.1095  0.1246  -0.4513 0.0762  0.2449  0.4502  0.3635  -0.2393 -0.1060 -0.0558
0.0325  0.3744  0.2723  -0.0388 -0.0037 0.0301  0.0543  0.0915  -0.0057 0.0582  0.0407  -0.3426 -0.2122 0.1409  -0.5802 -0.1503 0.1752  -0.0891 0.3412  0.4553  0.1246  4.2972  -0.3708 -0.0018 -0.2318 0.0553  -0.1027 -0.2445 0.0627  0.4451 
0.0954  0.6157  0.1902  -0.3907 -0.5467 -0.2151 0.0877  0.0892  -0.1421 0.2346  0.1973  -0.2609 -0.2362 -0.2476 -0.2278 0.0911  0.0428  -0.0092 -0.0268 0.4353  -0.4513 -0.3708 4.3624  0.4331  -0.4586 0.3046  -0.1556 -0.1861 0.0896  0.1092 
-0.0993 0.1886  -0.3287 0.2606  0.0108  -0.2004 -0.1929 -0.1656 -0.1545 -0.1489 -0.1608 0.4724  0.1375  -0.0596 -0.3153 -0.5136 -0.2564 -0.1644 0.3502  0.1220  0.0762  -0.0018 0.4331  4.3482  0.1081  0.0235  -0.1000 0.0278  -0.1089 -0.2524
0.2763  0.4963  0.4200  -0.2568 -0.1312 0.3443  0.0242  0.2000  0.1367  0.2426  -0.2193 -0.3255 0.1359  0.0451  -0.2512 0.0024  -0.1750 -0.0204 -0.6189 -0.0133 0.2449  -0.2318 -0.4586 0.1081  4.5329  0.0604  -0.0314 -0.0062 0.1373  0.1247 
0.0458  0.0008  0.0664  -0.1910 -0.0035 0.2715  -0.4115 0.2546  0.1614  0.1437  -0.0090 -0.0692 -0.1480 0.1473  0.1227  -0.3053 0.1779  0.3262  0.1791  0.0404  0.4502  0.0553  0.3046  0.0235  0.0604  4.0798  -0.3111 0.0048  -0.2253 0.1181 
0.2711  -0.1098 -0.0548 -0.2358 -0.0995 -0.1383 -0.2911 0.0275  0.1270  -0.0185 0.2900  0.2715  0.2415  0.2483  -0.3474 0.0196  0.0586  0.2898  -0.1428 0.1035  0.3635  -0.1027 -0.1556 -0.1000 -0.0314 -0.3111 4.4360  0.1622  -0.0811 0.4177 
0.0540  0.4509  -0.0553 -0.1119 0.1015  -0.1656 -0.1427 -0.1056 0.2770  0.1294  0.1959  -0.4246 0.0354  0.0203  0.0574  -0.2027 0.1699  0.0738  0.5811  -0.2501 -0.2393 -0.2445 -0.1861 0.0278  -0.0062 0.0048  0.1622  4.6092  -0.3402 -0.2132
0.2840  -0.5887 -0.0806 -0.0216 0.1457  -0.2072 -0.2185 -0.0518 0.4605  0.3381  0.1380  -0.1031 -0.2524 0.1898  -0.0394 0.1441  -0.2147 -0.1866 -0.3801 0.0908  -0.1060 0.0627  0.0896  -0.1089 0.1373  -0.2253 -0.0811 -0.3402 3.9382  -0.5337
0.0688  -0.2078 -0.2526 0.2726  -0.1354 0.0487  0.1155  -0.1356 0.0574  0.2704  0.1649  -0.0471 0.0441  -0.0854 0.2713  -0.0393 0.0312  -0.1717 0.0946  -0.4706 -0.0558 0.4451  0.1092  -0.2524 0.1247  0.1181  0.4177  -0.2132 -0.5337 3.8357 
