3.4913  -0.2133 -0.0339 -0.2664 -0.3457 -0.0611 0.1556  0.0249  -0.0218 -0.0595 -0.2432 -0.0222 -0.0482 0.0527  -0.0976 -0.0254 0.0086  -0.0887 -0.0397 0.0929  -0.0755 0.2211  -0.1079 -0.1135 0.0713  -0.1133 0.0668  0.0500  0.2647  -0.1355 0.0506  -0.0444 -0.1243 -0.3407 0.2649  -0.2934 0.1528  0.1355  0.1889  -0.0505 0.0236  0.0136  0.0439  0.1566  0.1409  -0.0653 -0.2328 0.1804  0.1766  -0.1852 0.0253  0.2043  0.2129  -0.2071 -0.0672 0.0328  -0.0804 0.2299  0.1442  -0.1981
-0.2133 3.4305  0.2166  -0.3608 -0.0892 -0.1248 -0.0974 -0.1357 0.1834  0.2397  0.1212  -0.0997 0.2626  -0.3508 -0.0554 -0.4242 0.0016  -0.1795 0.2740  -0.1257 -0.0796 -0.0297 -0.1398 -0.0965 0.1079  0.0610  -0.0335 0.0414  -0.1524 0.0169  0.0197  -0.1556 0.2756  0.2102  0.1971  -0.1842 -0.0716 -0.1215 -0.0125 0.2470  0.0729  -0.3451 -0.0961 0.0198  0.0983  0.0053  0.0079  0.0635  0.0172  0.2032  -0.0971 0.3247  -0.2621 0.1553  -0.0311 0.2155  0.0687  0.1222  0.0572  0.4337 
-0.0339 0.2166  4.0650  0.1499  0.2258  0.1194  0.1611  0.1875  0.0635  -0.0593 0.0507  -0.0363 -0.0601 0.2804  0.1817  -0.1860 0.3507  -0.0748 -0.1087 0.2180  0.1798  0.0154  0.0353  -0.0106 -0.0806 0.1814  0.2131  -0.0070 -0.1772 -0.0565 0.0341  -0.1095 0.0620  0.1962  0.0181  0.0600  -0.0042 0.0055  0.0517  -0.1928 0.0036  -0.1962 0.0630  -0.0617 0.0301  0.4170  0.4681  -0.1223 -0.0766 0.0213  -0.1269 -0.1758 -0.3890 0.2675  0.1288  -0.0731 -0.2107 0.0342  0.0698  -0.0189
-0.2664 -0.3608 0.1499  3.6266  0.0667  -0.0964 -0.0498 0.1262  0.0456  -0.1235 0.1001  0.0095  -0.0063 0.0425  -0.0230 0.0109  -0.0238 0.1929  0.1084  -0.3046 0.4151  -0.1238 -0.1877 0.0627  0.2184  0.0663  -0.0641 -0.2126 -0.1987 -0.0548 0.1775  0.3048  -0.0256 0.0769  0.2253  -0.2578 0.1016  -0.0926 -0.0527 -0.1073 0.0294  0.0941  0.1466  -0.1819 0.0009  0.0241  0.2410  0.1767  -0.3855 0.2113  0.0884  -0.0613 -0.0960 -0.1976 0.0550  0.0431  -0.1248 0.0028  0.0376  -0.1263
-0.3457 -0.0892 0.2258  0.0667  3.7511  0.0034  0.0503  -0.2198 0.0407  0.1783  0.1162  0.0686  0.1434  -0.2052 -0.0256 0.0024  -0.2163 0.1645  0.2751  -0.3635 -0.0555 -0.0713 0.1878  -0.0680 -0.0300 -0.0380 0.0880  -0.3377 0.0670  0.0047  -0.0104 0.0297  0.1100  0.3215  0.0417  0.1560  0.1285  0.0817  -0.0738 0.3758  -0.0468 0.1515  0.0111  -0.1134 0.1292  0.0703  -0.1300 0.1329  0.0845  -0.0733 -0.0895 -0.0690 0.0344  0.1001  0.0132  0.0601  -0.0654 0.0937  -0.0843 0.0437 
-0.0611 -0.1248 0.1194  -0.0964 0.0034  3.2984  0.0788  -0.0643 0.0402  -0.0917 -0.0212 0.1179  -0.2476 -0.0427 -0.0953 -0.1152 -0.0986 0.2380  -0.1087 -0.0487 0.0762  -0.0537 0.1659  0.0761  0.1490  -0.3038 0.0695  0.0671  0.1011  -0.0926 -0.2053 0.0005  0.1067  0.0410  0.0876  0.0653  0.1530  -0.0060 -0.4638 -0.1717 0.0908  0.4330  -0.1869 0.0007  -0.2995 -0.1440 0.2649  0.0617  -0.2275 -0.1544 0.1637  0.0609  0.1550  -0.0056 0.2671  0.0831  0.0170  0.0131  -0.2316 0.1372 
0.1556  -0.0974 0.1611  -0.0498 0.0503  0.0788  3.5230  0.1091  -0.2057 0.1253  -0.1494 0.1190  -0.1947 0.1224  -0.0597 -0.1974 0.1921  -0.0168 -0.2161 -0.1468 0.0868  -0.2403 -0.1393 -0.1643 -0.0240 -0.0727 0.3473  0.1160  0.0775  0.1193  0.0854  0.0553  0.2430  -0.0154 0.1735  -0.0790 -0.0768 -0.1532 0.1623  0.1334  0.0168  -0.1738 0.0116  0.3453  -0.0355 0.1988  -0.0915 0.1370  -0.0856 0.2937  -0.0301 -0.2395 0.0152  0.0929  -0.2363 -0.1309 0.0622  -0.1094 -0.3006 -0.2933
0.0249  -0.1357 0.1875  0.1262  -0.2198 -0.0643 0.1091  3.7281  -0.1084 0.1253  0.0090  -0.0550 0.1112  -0.0833 0.2565  0.1602  0.2142  0.1569  0.1511  0.1207  -0.3302 0.1314  -0.0470 0.2062  0.0016  0.0311  -0.2451 -0.1081 0.1660  0.0282  -0.2368 -0.0020 0.0389  0.2496  0.2034  0.0630  0.0108  0.0680  -0.1972 0.0125  0.0472  -0.0725 0.0496  -0.0548 -0.2757 -0.1309 0.1680  -0.0676 0.0524  -0.0511 0.0491  -0.0818 -0.3025 0.0388  -0.0223 0.1376  0.1242  -0.0465 -0.1710 -0.2182
-0.0218 0.1834  0.0635  0.0456  0.0407  0.0402  -0.2057 -0.1084 3.3630  -0.3001 0.1659  -0.1288 -0.0667 0.0328  0.1527  0.1630  -0.1522 -0.0556 -0.0649 -0.2754 0.0575  0.2468  0.2678  0.1915  0.5152  -0.1067 -0.1464 0.0707  0.0930  0.0178  0.3082  0.0216  0.0530  -0.0571 0.3051  -0.0233 0.0746  -0.2151 -0.1907 -0.1447 -0.1187 -0.1354 0.1724  -0.0789 -0.2633 0.0340  0.1029  0.0273  -0.2467 -0.0648 0.2418  -0.3440 -0.2564 0.1567  0.1343  -0.1203 0.1184  0.1577  -0.0182 -0.0040
-0.0595 0.2397  -0.0593 -0.1235 0.1783  -0.0917 0.1253  0.1253  -0.3001 3.3468  -0.4136 -0.1729 0.2542  -0.0137 0.3168  -0.5238 -0.2686 -0.0810 0.1979  0.1441  -0.0516 0.1544  0.0661  0.1889  -0.0112 0.1186  -0.1004 -0.3749 0.1746  0.1695  -0.0795 0.0946  -0.2520 0.1577  0.0210  -0.0837 -0.2021 0.0111  0.0151  0.1181  0.1632  0.1665  0.2256  0.2522  -0.4725 -0.3590 0.0471  0.1609  -0.3567 -0.1391 -0.1595 -0.0078 -0.1985 -0.0094 0.1800  -0.0335 0.0325  -0.1025 -0.0320 0.1866 
-0.2432 0.1212  0.0507  0.1001  0.1162  -0.0212 -0.1494 0.0090  0.1659  -0.4136 3.9626  -0.1309 0.0556  -0.0185 -0.1935 0.0549  0.0222  -0.0890 0.1389  -0.1980 -0.1472 -0.4703 0.0768  0.0599  -0.2624 0.2308  0.1024  0.0202  0.0554  0.0922  0.2374  0.0340  -0.0301 -0.0547 -0.1444 0.1984  -0.1666 0.3041  -0.0656 0.0430  0.0062  -0.0149 -0.0351 -0.0495 -0.0949 -0.1083 -0.1502 -0.1121 -0.0849 0.1089  0.0769  0.0050  0.1458  -0.1461 0.1865  0.1396  -0.1077 -0.2444 -0.1521 -0.0557
-0.0222 -0.0997 -0.0363 0.0095  0.0686  0.1179  0.1190  -0.0550 -0.1288 -0.1729 -0.1309 3.6133  -0.0202 -0.1617 -0.2106 0.0500  -0.2091 -0.3284 -0.2066 -0.1588 0.2196  -0.0756 0.0393  0.1063  -0.1584 0.1006  -0.0951 -0.3346 0.3622  0.2150  -0.0441 0.0708  -0.1321 0.1907  -0.2784 -0.2619 -0.2324 -0.0625 0.0639  0.1298  -0.3117 -0.1467 0.1024  -0.0587 -0.1452 0.1662  -0.1535 0.0078  0.2227  0.2370  -0.3518 0.1539  -0.0818 0.0240  -0.1147 -0.0328 0.2236  -0.3815 0.1278  -0.0541
-0.0482 0.2626  -0.0601 -0.0063 0.1434  -0.2476 -0.1947 0.1112  -0.0667 0.2542  0.0556  -0.0202 3.6044  -0.1030 -0.2223 0.1302  -0.2537 0.1074  0.1785  -0.1916 -0.1193 0.2699  0.2856  -0.4468 -0.0279 0.1834  0.3221  -0.1824 -0.1008 0.0116  -0.3091 0.2108  0.1056  -0.2386 0.2465  -0.1551 0.2863  -0.1256 0.2037  0.0780  -0.1530 -0.4063 -0.4007 -0.0136 -0.2612 -0.1251 -0.1167 0.1552  -0.1497 0.0488  -0.2527 -0.3905 0.0273  0.2373  -0.0418 -0.0637 0.2375  -0.4420 0.0981  0.2257 
0.0527  -0.3508 0.2804  0.0425  -0.2052 -0.0427 0.1224  -0.0833 0.0328  -0.0137 -0.0185 -0.1617 -0.1030 3.9909  -0.0225 -0.1185 -0.0589 -0.2559 -0.1570 -0.1401 -0.0212 -0.2111 0.1959  -0.1420 0.0380  0.1350  0.1078  0.0909  0.0708  -0.0297 0.0503  -0.2864 -0.0784 0.2428  -0.0429 -0.0793 -0.0885 -0.0906 -0.1064 -0.2062 0.0499  0.1376  -0.0088 0.1702  -0.3094 -0.1918 0.1162  0.1157  0.2052  -0.0567 0.0948  0.0120  0.1242  -0.0291 -0.0076 -0.0534 0.0462  0.0635  0.4365  -0.1011
-0.0976 -0.0554 0.1817  -0.0230 -0.0256 -0.0953 -0.0597 0.2565  0.1527  0.3168  -0.1935 -0.2106 -0.2223 -0.0225 3.5124  0.2683  0.0674  -0.1970 -0.1552 -0.1586 0.2298  -0.0926 -0.0142 0.0863  0.0026  -0.1748 -0.1111 0.2074  -0.1919 -0.2826 0.1323  0.1093  -0.0642 0.1002  -0.0255 -0.3329 0.0458  -0.0433 0.1843  0.4002  -0.2401 -0.1931 0.1559  -0.0880 0.0460  0.3441  -0.2867 0.3267  0.1198  0.0032  -0.4308 0.1191  0.0117  -0.0884 -0.2824 0.1385  -0.0938 0.1397  -0.0289 0.1550 
-0.0254 -0.4242 -0.1860 0.0109  0.0024  -0.1152 -0.1974 0.1602  0.1630  -0.5238 0.0549  0.0500  0.1302  -0.1185 0.2683  3.8582  0.0419  0.2757  -0.2405 0.0080  0.0883  -0.1234 -0.1804 0.0117  -0.1922 -0.0160 0.3375  0.2475  0.1232  -0.3635 -0.0243 0.1917  0.2176  -0.1839 -0.0639 -0.1199 -0.0637 0.2777  0.0285  0.2008  0.2373  -0.2267 0.0503  -0.0326 -0.0586 -0.0373 0.2237  0.0785  -0.0947 0.1787  -0.0742 -0.1553 0.1362  -0.1052 0.0964  0.2812  0.0091  -0.1011 0.2510  0.0605 
0.0086  0.0016  0.3507  -0.0238 -0.2163 -0.0986 0.1921  0.2142  -0.1522 -0.2686 0.0222  -0.2091 -0.2537 -0.0589 0.0674  0.0419  3.9033  -0.0600 -0.1762 -0.1845 0.0897  0.0607  -0.0393 0.1449  -0.1705 0.2494  -0.0012 -0.1396 -0.3178 0.2061  0.1615  0.2185  -0.0746 0.3059  -0.1937 0.0039  0.0363  -0.2321 -0.0132 0.1719  0.0130  0.0806  -0.1967 -0.0935 0.0864  0.0233  0.2141  -0.2081 0.0167  -0.0614 -0.1257 0.1022  -0.1002 -0.2345 0.1882  -0.3278 0.1180  -0.1229 0.1765  0.0080 
-0.0887 -0.1795 -0.0748 0.1929  0.1645  0.2380  -0.0168 0.1569  -0.0556 -0.0810 -0.0890 -0.3284 0.1074  -0.2559 -0.1970 0.2757  -0.0600 3.8418  0.0164  -0.1263 -0.1224 0.0414  0.1282  -0.1156 0.3399  0.0974  -0.2322 0.2865  -0.0431 0.0458  -0.1278 -0.1204 -0.1396 0.2946  -0.1391 0.1893  -0.0571 0.1941  0.1963  0.0009  -0.2457 0.1997  0.0414  0.1279  0.1371  0.2074  0.1211  -0.1680 0.0501  -0.0286 -0.0594 0.1986  0.2633  0.2821  0.2549  -0.0664 0.2730  0.0517  0.0732  -0.2040
-0.0397 0.2740  -0.1087 0.1084  0.2751  -0.1087 -0.2161 0.1511  -0.0649 0.1979  0.1389  -0.2066 0.1785  -0.1570 -0.1552 -0.2405 -0.1762 0.0164  3.5236  -0.1979 -0.2086 -0.4094 -0.1948 -0.0916 -0.2096 0.0481  0.1083  0.2719  0.2055  0.1026  0.2103  -0.4439 -0.1678 0.1122  -0.0634 -0.1717 0.1052  -0.1203 0.1357  0.2658  -0.0562 0.0568  -0.0129 0.0358  -0.1532 -0.0814 -0.0485 0.2929  0.3333  0.0280  0.0917  -0.1872 -0.1300 0.0816  0.0672  -0.2853 -0.3547 0.1862  0.0160  0.2558 
0.0929  -0.1257 0.2180  -0.3046 -0.3635 -0.0487 -0.1468 0.1207  -0.2754 0.1441  -0.1980 -0.1588 -0.1916 -0.1401 -0.1586 0.0080  -0.1845 -0.1263 -0.1979 4.0813  0.0589  0.0496  -0.1026 -0.0669 -0.2518 0.1427  0.1690  0.0298  0.1407  -0.2357 -0.0234 0.0386  -0.0405 -0.1463 -0.1887 0.0155  -0.0968 -0.1397 -0.2349 -0.2513 0.1003  -0.2528 -0.2832 0.0446  -0.2213 -0.0179 -0.0611 -0.0989 0.0808  -0.1064 -0.1224 -0.2230 -0.1948 -0.1201 0.0597  0.2114  0.1187  -0.3065 -0.0134 0.3260 
-0.0755 -0.0796 0.1798  0.4151  -0.0555 0.0762  0.0868  -0.3302 0.0575  -0.0516 -0.1472 0.2196  -0.1193 -0.0212 0.2298  0.0883  0.0897  -0.1224 -0.2086 0.0589  3.2949  -0.0799 -0.1116 0.0212  0.1221  0.0318  0.2966  0.0069  0.0907  -0.1361 0.0609  -0.0908 -0.1373 -0.1139 0.0213  -0.1546 -0.0133 0.1075  0.1627  -0.2750 -0.0250 0.0086  0.0555  0.0374  0.0322  0.0250  0.1862  0.2519  -0.1001 0.0032  -0.0925 0.1072  -0.0474 0.2082  -0.2464 0.1001  -0.1233 0.2555  -0.0145 0.2458 
0.2211  -0.0297 0.0154  -0.1238 -0.0713 -0.0537 -0.2403 0.1314  0.2468  0.1544  -0.4703 -0.0756 0.2699  -0.2111 -0.0926 -0.1234 0.0607  0.0414  -0.4094 0.0496  -0.0799 3.9734  -0.3536 0.0636  0.3129  0.1969  0.0179  -0.1220 -0.3796 -0.0716 -0.1642 0.0602  -0.1375 -0.2268 -0.0058 0.1936  -0.1338 0.2131  0.2331  0.1292  -0.1078 0.1396  -0.1136 -0.1762 -0.0694 0.1020  0.1085  -0.2598 0.0056  -0.1914 0.0574  -0.0264 0.0335  -0.0411 -0.1011 -0.0328 -0.0298 0.3965  0.0055  -0.0529
-0.1079 -0.1398 0.0353  -0.1877 0.1878  0.1659  -0.1393 -0.0470 0.2678  0.0661  0.0768  0.0393  0.2856  0.1959  -0.0142 -0.1804 -0.0393 0.1282  -0.1948 -0.1026 -0.1116 -0.3536 3.4588  0.3124  0.0423  0.0157  -0.2109 0.0242  0.1353  0.0792  0.0935  -0.2059 -0.0526 -0.0002 -0.0382 0.0389  0.0794  0.1283  0.1193  -0.0590 0.1271  -0.4159 -0.0673 -0.1042 -0.1336 0.0016  -0.2516 -0.1032 0.2625  -0.2158 0.0865  -0.1072 -0.0576 0.0300  -0.0378 -0.0102 0.1382  -0.1018 0.0387  -0.0821
-0.1135 -0.0965 -0.0106 0.0627  -0.0680 0.0761  -0.1643 0.2062  0.1915  0.1889  0.0599  0.1063  -0.4468 -0.1420 0.0863  0.0117  0.1449  -0.1156 -0.0916 -0.0669 0.0212  0.0636  0.3124  3.8760  -0.1081 0.0093  0.0476  0.2116  -0.0079 0.0373  0.1762  -0.1236 0.0233  -0.0808 -0.1517 -0.3227 -0.0008 -0.0839 -0.0204 0.3342  -0.3923 -0.0282 0.2356  -0.0818 0.0346  -0.0007 0.1299  0.0534  -0.2208 0.0055  -0.3459 -0.0313 0.4512  0.1382  0.1854  0.0256  0.1740  -0.0749 0.1542  0.2467 
0.0713  0.1079  -0.0806 0.2184  -0.0300 0.1490  -0.0240 0.0016  0.5152  -0.0112 -0.2624 -0.1584 -0.0279 0.0380  0.0026  -0.1922 -0.1705 0.3399  -0.2096 -0.2518 0.1221  0.3129  0.0423  -0.1081 3.5031  -0.2704 0.4239  -0.0351 -0.0841 0.1063  0.1565  -0.0221 -0.1479 0.2420  -0.2054 -0.1673 0.1163  0.1262  -0.1560 0.0615  0.0951  -0.0247 -0.2832 0.2043  0.1493  0.1718  -0.0207 -0.1392 -0.1797 0.1658  -0.1382 0.1385  0.2053  -0.3038 0.0013  -0.1991 -0.0268 -0.0476 0.1027  0.0688 
-0.1133 0.0610  0.1814  0.0663  -0.0380 -0.3038 -0.0727 0.0311  -0.1067 0.1186  0.2308  0.1006  0.1834  0.1350  -0.1748 -0.0160 0.2494  0.0974  0.0481  0.1427  0.0318  0.1969  0.0157  0.0093  -0.2704 3.5997  0.0850  0.2073  0.0435  0.2245  0.0777  -0.0298 -0.3641 -0.2698 0.1226  -0.1901 0.2317  0.3511  -0.1231 0.1241  -0.2529 -0.0354 -0.2269 0.0043  0.0448  -0.0195 0.2038  0.0784  0.1260  0.3089  0.1086  -0.1138 0.1542  -0.1839 0.0746  -0.2336 0.1865  0.1516  -0.5382 -0.0528
0.0668  -0.0335 0.2131  -0.0641 0.0880  0.0695  0.3473  -0.2451 -0.1464 -0.1004 0.1024  -0.0951 0.3221  0.1078  -0.1111 0.3375  -0.0012 -0.2322 0.1083  0.1690  0.2966  0.0179  -0.2109 0.0476  0.4239  0.0850  3.8301  -0.1130 -0.2184 -0.1461 0.1011  -0.0905 0.3612  0.0233  0.0735  -0.0478 0.1829  0.1112  -0.1107 -0.0542 0.0142  0.0248  -0.0289 -0.1032 -0.2368 -0.0264 -0.3150 0.2025  0.3445  -0.0933 -0.3993 -0.0020 0.1689  -0.0773 0.1978  -0.0729 0.0574  -0.0074 -0.1051 0.0588 
0.0500  0.0414  -0.0070 -0.2126 -0.3377 0.0671  0.1160  -0.1081 0.0707  -0.3749 0.0202  -0.3346 -0.1824 0.0909  0.2074  0.2475  -0.1396 0.2865  0.2719  0.0298  0.0069  -0.1220 0.0242  0.2116  -0.0351 0.2073  -0.1130 3.5346  -0.0628 -0.2764 -0.2775 -0.1570 -0.1107 0.0359  0.1500  0.3118  0.1022  -0.1904 -0.1730 0.1125  0.1142  -0.1201 -0.2028 -0.1090 -0.1107 -0.0642 -0.2711 -0.0000 -0.0200 0.1153  -0.2067 -0.0441 -0.1179 0.0884  0.2281  0.0375  -0.0712 -0.2748 -0.0032 0.1541 
0.2647  -0.1524 -0.1772 -0.1987 0.0670  0.1011  0.0775  0.1660  0.0930  0.1746  0.0554  0.3622  -0.1008 0.0708  -0.1919 0.1232  -0.3178 -0.0431 0.2055  0.1407  0.0907  -0.3796 0.1353  -0.0079 -0.0841 0.0435  -0.2184 -0.0628 4.0389  -0.0643 0.2048  -0.2763 0.0571  0.1163  0.0622  0.0735  0.0416  0.0494  0.0528  -0.1517 -0.0677 0.0103  0.0564  -0.1194 0.1297  0.2632  -0.0004 -0.2092 0.1653  0.0388  0.0556  -0.1923 0.0286  -0.0501 0.2123  -0.0451 0.0437  0.0323  -0.0079 0.2050 
-0.1355 0.0169  -0.0565 -0.0548 0.0047  -0.0926 0.1193  0.0282  0.0178  0.1695  0.0922  0.2150  0.0116  -0.0297 -0.2826 -0.3635 0.2061  0.0458  0.1026  -0.2357 -0.1361 -0.0716 0.0792  0.0373  0.1063  0.2245  -0.1461 -0.2764 -0.0643 4.1797  0.1897  -0.1310 0.1449  0.0537  0.1939  -0.1371 0.2362  -0.1342 -0.0586 0.1924  -0.1144 0.0608  0.0063  -0.0656 0.0776  -0.4050 0.3271  -0.2395 -0.2267 0.0060  -0.1450 -0.2609 0.4609  0.1269  0.0906  -0.0636 -0.1614 -0.3725 0.0463  0.0449 
0.0506  0.0197  0.0341  0.1775  -0.0104 -0.2053 0.0854  -0.2368 0.3082  -0.0795 0.2374  -0.0441 -0.3091 0.0503  0.1323  -0.0243 0.1615  -0.1278 0.2103  -0.0234 0.0609  -0.1642 0.0935  0.1762  0.1565  0.0777  0.1011  -0.2775 0.2048  0.1897  3.5481  0.0353  -0.2598 -0.1574 0.0144  -0.4478 -0.0095 -0.1017 0.3817  0.1039  -0.1304 0.0540  -0.2552 -0.2600 0.0346  -0.0407 -0.0563 -0.3380 0.0317  0.0111  -0.0259 -0.1117 -0.0325 -0.0549 0.2469  -0.0933 -0.0632 0.3218  0.4566  0.1496 
-0.0444 -0.1556 -0.1095 0.3048  0.0297  0.0005  0.0553  -0.0020 0.0216  0.0946  0.0340  0.0708  0.2108  -0.2864 0.1093  0.1917  0.2185  -0.1204 -0.4439 0.0386  -0.0908 0.0602  -0.2059 -0.1236 -0.0221 -0.0298 -0.0905 -0.1570 -0.2763 -0.1310 0.0353  3.6648  0.0510  0.3110  -0.2695 0.2704  0.0130  -0.2952 0.1837  -0.1448 -0.1662 -0.1944 -0.2422 0.0808  0.0047  0.1139  0.0259  0.3715  0.1390  -0.0337 0.1347  0.0526  -0.1959 0.2631  0.2309  -0.1578 -0.1779 -0.0066 0.0215  -0.0920
-0.1243 0.2756  0.0620  -0.0256 0.1100  0.1067  0.2430  0.0389  0.0530  -0.2520 -0.0301 -0.1321 0.1056  -0.0784 -0.0642 0.2176  -0.0746 -0.1396 -0.1678 -0.0405 -0.1373 -0.1375 -0.0526 0.0233  -0.1479 -0.3641 0.3612  -0.1107 0.0571  0.1449  -0.2598 0.0510  3.8045  -0.1562 0.2459  0.1069  0.0904  -0.0317 0.1985  0.1971  -0.0537 0.1050  0.1186  0.0079  0.1867  -0.0752 -0.1294 -0.1790 0.0887  -0.2253 -0.0390 0.1390  0.1268  0.3548  -0.0315 -0.0322 -0.1012 0.0028  -0.2148 -0.0348
-0.3407 0.2102  0.1962  0.0769  0.3215  0.0410  -0.0154 0.2496  -0.0571 0.1577  -0.0547 0.1907  -0.2386 0.2428  0.1002  -0.1839 0.3059  0.2946  0.1122  -0.1463 -0.1139 -0.2268 -0.0002 -0.0808 0.2420  -0.2698 0.0233  0.0359  0.1163  0.0537  -0.1574 0.3110  -0.1562 3.3811  -0.1954 0.1080  0.1407  0.0296  -0.2936 -0.1186 0.0249  0.3228  0.0911  0.1373  -0.0089 0.2639  -0.0846 0.1440  -0.3868 -0.1321 0.1278  0.1662  -0.0778 0.1393  -0.0585 0.1239  0.0794  -0.1053 0.0199  0.1050 
0.2649  0.1971  0.0181  0.2253  0.0417  0.0876  0.1735  0.2034  0.3051  0.0210  -0.1444 -0.2784 0.2465  -0.0429 -0.0255 -0.0639 -0.1937 -0.1391 -0.0634 -0.1887 0.0213  -0.0058 -0.0382 -0.1517 -0.2054 0.1226  0.0735  0.1500  0.0622  0.1939  0.0144  -0.2695 0.2459  -0.1954 3.6950  -0.0343 -0.1008 -0.0249 0.0980  -0.1890 -0.0665 0.1193  -0.1967 -0.1582 -0.2981 -0.0750 0.0065  -0.1748 0.2742  -0.1259 -0.1033 0.3550  0.1953  -0.0982 0.2131  -0.0990 -0.0995 0.0787  -0.3981 -0.2522
-0.2934 -0.1842 0.0600  -0.2578 0.1560  0.0653  -0.0790 0.0630  -0.0233 -0.0837 0.1984  -0.2619 -0.1551 -0.0793 -0.3329 -0.1199 0.0039  0.1893  -0.1717 0.0155  -0.1546 0.1936  0.0389  -0.3227 -0.1673 -0.1901 -0.0478 0.3118  0.0735  -0.1371 -0.4478 0.2704  0.1069  0.1080  -0.0343 3.2821  -0.0226 -0.1714 0.0414  0.5196  -0.3303 0.2243  0.2787  -0.1121 -0.4590 -0.0362 0.0927  0.0481  -0.0889 -0.3065 0.4156  -0.1945 -0.0470 -0.1897 0.1285  -0.0534 -0.1277 -0.1041 0.2912  0.1558 
0.1528  -0.0716 -0.0042 0.1016  0.1285  0.1530  -0.0768 0.0108  0.0746  -0.2021 -0.1666 -0.2324 0.2863  -0.0885 0.0458  -0.0637 0.0363  -0.0571 0.1052  -0.0968 -0.0133 -0.1338 0.0794  -0.0008 0.1163  0.2317  0.1829  0.1022  0.0416  0.2362  -0.0095 0.0130  0.0904  0.1407  -0.1008 -0.0226 3.6150  -0.0543 -0.0825 0.1734  -0.0051 -0.0928 -0.1833 -0.2359 -0.2040 -0.0886 -0.2320 -0.2014 -0.2415 0.0782  -0.1091 0.0315  -0.1760 -0.0040 -0.3052 0.0297  0.0292  0.1899  0.0071  0.2223 
0.1355  -0.1215 0.0055  -0.0926 0.0817  -0.0060 -0.1532 0.0680  -0.2151 0.0111  0.3041  -0.0625 -0.1256 -0.0906 -0.0433 0.2777  -0.2321 0.1941  -0.1203 -0.1397 0.1075  0.2131  0.1283  -0.0839 0.1262  0.3511  0.1112  -0.1904 0.0494  -0.1342 -0.1017 -0.2952 -0.0317 0.0296  -0.0249 -0.1714 -0.0543 3.5223  -0.2513 0.1794  0.1787  0.1220  -0.3910 0.2626  -0.1786 0.0118  -0.3110 0.0188  -0.1018 0.0367  -0.1443 -0.2537 -0.0192 0.2727  0.1175  0.1044  -0.2012 0.2334  -0.0678 -0.4809
0.1889  -0.0125 0.0517  -0.0527 -0.0738 -0.4638 0.1623  -0.1972 -0.1907 0.0151  -0.0656 0.0639  0.2037  -0.1064 0.1843  0.0285  -0.0132 0.1963  0.1357  -0.2349 0.1627  0.2331  0.1193  -0.0204 -0.1560 -0.1231 -0.1107 -0.1730 0.0528  -0.0586 0.3817  0.1837  0.1985  -0.2936 0.0980  0.0414  -0.0825 -0.2513 4.0335  0.1933  -0.4081 0.0489  0.0808  0.1997  -0.3683 0.1116  0.0978  -0.2517 0.1397  -0.0548 -0.0350 -0.1048 -0.0935 -0.1708 -0.0653 0.1516  0.0282  0.0497  -0.0500 -0.0833
-0.0505 0.2470  -0.1928 -0.1073 0.3758  -0.1717 0.1334  0.0125  -0.1447 0.1181  0.0430  0.1298  0.0780  -0.2062 0.4002  0.2008  0.1719  0.0009  0.2658  -0.2513 -0.2750 0.1292  -0.0590 0.3342  0.0615  0.1241  -0.0542 0.1125  -0.1517 0.1924  0.1039  -0.1448 0.1971  -0.1186 -0.1890 0.5196  0.1734  0.1794  0.1933  3.5804  0.3579  -0.2340 0.1128  -0.0101 -0.1609 -0.2668 -0.3661 0.1975  -0.0688 -0.2451 -0.2271 -0.0016 0.0154  -0.0435 -0.0689 0.0318  -0.0164 -0.1188 -0.1460 0.0521 
0.0236  0.0729  0.0036  0.0294  -0.0468 0.0908  0.0168  0.0472  -0.1187 0.1632  0.0062  -0.3117 -0.1530 0.0499  -0.2401 0.2373  0.0130  -0.2457 -0.0562 0.1003  -0.0250 -0.1078 0.1271  -0.3923 0.0951  -0.2529 0.0142  0.1142  -0.0677 -0.1144 -0.1304 -0.1662 -0.0537 0.0249  -0.0665 -0.3303 -0.0051 0.1787  -0.4081 0.3579  3.9948  -0.1440 0.0473  0.0583  -0.1111 0.1902  -0.2299 -0.0968 -0.2751 0.1504  -0.1901 0.1432  0.0208  0.1588  -0.1455 -0.0058 -0.1913 0.1644  0.1078  0.3954 
0.0136  -0.3451 -0.1962 0.0941  0.1515  0.4330  -0.1738 -0.0725 -0.1354 0.1665  -0.0149 -0.1467 -0.4063 0.1376  -0.1931 -0.2267 0.0806  0.1997  0.0568  -0.2528 0.0086  0.1396  -0.4159 -0.0282 -0.0247 -0.0354 0.0248  -0.1201 0.0103  0.0608  0.0540  -0.1944 0.1050  0.3228  0.1193  0.2243  -0.0928 0.1220  0.0489  -0.2340 -0.1440 3.7232  -0.2137 -0.2009 0.0478  -0.0558 -0.3914 0.1728  0.1041  -0.1959 -0.1738 -0.0579 -0.1564 0.1677  -0.0862 0.1374  -0.0329 -0.1736 -0.0756 0.0582 
0.0439  -0.0961 0.0630  0.1466  0.0111  -0.1869 0.0116  0.0496  0.1724  0.2256  -0.0351 0.1024  -0.4007 -0.0088 0.1559  0.0503  -0.1967 0.0414  -0.0129 -0.2832 0.0555  -0.1136 -0.0673 0.2356  -0.2832 -0.2269 -0.0289 -0.2028 0.0564  0.0063  -0.2552 -0.2422 0.1186  0.0911  -0.1967 0.2787  -0.1833 -0.3910 0.0808  0.1128  0.0473  -0.2137 3.3322  0.0806  0.1113  -0.0301 -0.0596 0.2055  0.0423  -0.0842 -0.0775 -0.2447 -0.0768 0.0185  -0.2622 0.3408  0.0817  0.2420  -0.1094 0.2475 
0.1566  0.0198  -0.0617 -0.1819 -0.1134 0.0007  0.3453  -0.0548 -0.0789 0.2522  -0.0495 -0.0587 -0.0136 0.1702  -0.0880 -0.0326 -0.0935 0.1279  0.0358  0.0446  0.0374  -0.1762 -0.1042 -0.0818 0.2043  0.0043  -0.1032 -0.1090 -0.1194 -0.0656 -0.2600 0.0808  0.0079  0.1373  -0.1582 -0.1121 -0.2359 0.2626  0.1997  -0.0101 0.0583  -0.2009 0.0806  3.8092  -0.2190 -0.2234 -0.0887 0.1404  0.1002  0.1484  0.2021  -0.2668 0.0365  0.0437  0.2511  -0.1409 0.0276  -0.1701 -0.1020 0.1778 
0.1409  0.0983  0.0301  0.0009  0.1292  -0.2995 -0.0355 -0.2757 -0.2633 -0.4725 -0.0949 -0.1452 -0.2612 -0.3094 0.0460  -0.0586 0.0864  0.1371  -0.1532 -0.2213 0.0322  -0.0694 -0.1336 0.0346  0.1493  0.0448  -0.2368 -0.1107 0.1297  0.0776  0.0346  0.0047  0.1867  -0.0089 -0.2981 -0.4590 -0.2040 -0.1786 -0.3683 -0.1609 -0.1111 0.0478  0.1113  -0.2190 3.8411  -0.2273 0.1184  -0.2915 0.0857  -0.1004 -0.2583 -0.2156 -0.1402 0.0372  0.0330  -0.2027 0.0115  -0.0089 -0.0211 0.2170 
-0.0653 0.0053  0.4170  0.0241  0.0703  -0.1440 0.1988  -0.1309 0.0340  -0.3590 -0.1083 0.1662  -0.1251 -0.1918 0.3441  -0.0373 0.0233  0.2074  -0.0814 -0.0179 0.0250  0.1020  0.0016  -0.0007 0.1718  -0.0195 -0.0264 -0.0642 0.2632  -0.4050 -0.0407 0.1139  -0.0752 0.2639  -0.0750 -0.0362 -0.0886 0.0118  0.1116  -0.2668 0.1902  -0.0558 -0.0301 -0.2234 -0.2273 3.7113  -0.1657 0.3688  0.1547  0.0508  -0.1257 -0.0520 0.2080  0.0675  0.1332  -0.2999 -0.0338 -0.1887 0.1242  0.0537 
-0.2328 0.0079  0.4681  0.2410  -0.1300 0.2649  -0.0915 0.1680  0.1029  0.0471  -0.1502 -0.1535 -0.1167 0.1162  -0.2867 0.2237  0.2141  0.1211  -0.0485 -0.0611 0.1862  0.1085  -0.2516 0.1299  -0.0207 0.2038  -0.3150 -0.2711 -0.0004 0.3271  -0.0563 0.0259  -0.1294 -0.0846 0.0065  0.0927  -0.2320 -0.3110 0.0978  -0.3661 -0.2299 -0.3914 -0.0596 -0.0887 0.1184  -0.1657 3.4038  -0.1029 0.1455  0.1299  0.2485  -0.2818 -0.2310 -0.0799 -0.1263 0.0117  -0.1480 -0.1774 0.0228  0.3546 
0.1804  0.0635  -0.1223 0.1767  0.1329  0.0617  0.1370  -0.0676 0.0273  0.1609  -0.1121 0.0078  0.1552  0.1157  0.3267  0.0785  -0.2081 -0.1680 0.2929  -0.0989 0.2519  -0.2598 -0.1032 0.0534  -0.1392 0.0784  0.2025  -0.0000 -0.2092 -0.2395 -0.3380 0.3715  -0.1790 0.1440  -0.1748 0.0481  -0.2014 0.0188  -0.2517 0.1975  -0.0968 0.1728  0.2055  0.1404  -0.2915 0.3688  -0.1029 3.5018  0.0892  0.0379  0.0767  0.1516  0.0931  0.0613  0.2820  -0.3785 -0.1366 -0.0088 0.4635  0.0906 
0.1766  0.0172  -0.0766 -0.3855 0.0845  -0.2275 -0.0856 0.0524  -0.2467 -0.3567 -0.0849 0.2227  -0.1497 0.2052  0.1198  -0.0947 0.0167  0.0501  0.3333  0.0808  -0.1001 0.0056  0.2625  -0.2208 -0.1797 0.1260  0.3445  -0.0200 0.1653  -0.2267 0.0317  0.1390  0.0887  -0.3868 0.2742  -0.0889 -0.2415 -0.1018 0.1397  -0.0688 -0.2751 0.1041  0.0423  0.1002  0.0857  0.1547  0.1455  0.0892  3.8057  -0.1740 -0.1768 0.2221  -0.0463 0.0497  -0.0435 -0.0322 0.2825  0.0920  -0.1758 -0.1029
-0.1852 0.2032  0.0213  0.2113  -0.0733 -0.1544 0.2937  -0.0511 -0.0648 -0.1391 0.1089  0.2370  0.0488  -0.0567 0.0032  0.1787  -0.0614 -0.0286 0.0280  -0.1064 0.0032  -0.1914 -0.2158 0.0055  0.1658  0.3089  -0.0933 0.1153  0.0388  0.0060  0.0111  -0.0337 -0.2253 -0.1321 -0.1259 -0.3065 0.0782  0.0367  -0.0548 -0.2451 0.1504  -0.1959 -0.0842 0.1484  -0.1004 0.0508  0.1299  0.0379  -0.1740 3.2236  -0.2378 -0.1165 0.1806  -0.0109 -0.1606 0.2513  -0.3892 -0.4710 0.3054  -0.5016
0.0253  -0.0971 -0.1269 0.0884  -0.0895 0.1637  -0.0301 0.0491  0.2418  -0.1595 0.0769  -0.3518 -0.2527 0.0948  -0.4308 -0.0742 -0.1257 -0.0594 0.0917  -0.1224 -0.0925 0.0574  0.0865  -0.3459 -0.1382 0.1086  -0.3993 -0.2067 0.0556  -0.1450 -0.0259 0.1347  -0.0390 0.1278  -0.1033 0.4156  -0.1091 -0.1443 -0.0350 -0.2271 -0.1901 -0.1738 -0.0775 0.2021  -0.2583 -0.1257 0.2485  0.0767  -0.1768 -0.2378 3.6849  0.1609  -0.0509 -0.2354 0.0121  0.3077  -0.0150 0.1771  -0.2207 0.1503 
0.2043  0.3247  -0.1758 -0.0613 -0.0690 0.0609  -0.2395 -0.0818 -0.3440 -0.0078 0.0050  0.1539  -0.3905 0.0120  0.1191  -0.1553 0.1022  0.1986  -0.1872 -0.2230 0.1072  -0.0264 -0.1072 -0.0313 0.1385  -0.1138 -0.0020 -0.0441 -0.1923 -0.2609 -0.1117 0.0526  0.1390  0.1662  0.3550  -0.1945 0.0315  -0.2537 -0.1048 -0.0016 0.1432  -0.0579 -0.2447 -0.2668 -0.2156 -0.0520 -0.2818 0.1516  0.2221  -0.1165 0.1609  3.8613  -0.0710 -0.3427 -0.2455 -0.1654 -0.0964 -0.2314 -0.1276 -0.1633
0.2129  -0.2621 -0.3890 -0.0960 0.0344  0.1550  0.0152  -0.3025 -0.2564 -0.1985 0.1458  -0.0818 0.0273  0.1242  0.0117  0.1362  -0.1002 0.2633  -0.1300 -0.1948 -0.0474 0.0335  -0.0576 0.4512  0.2053  0.1542  0.1689  -0.1179 0.0286  0.4609  -0.0325 -0.1959 0.1268  -0.0778 0.1953  -0.0470 -0.1760 -0.0192 -0.0935 0.0154  0.0208  -0.1564 -0.0768 0.0365  -0.1402 0.2080  -0.2310 0.0931  -0.0463 0.1806  -0.0509 -0.0710 4.0605  -0.0651 -0.1184 -0.0284 -0.1119 -0.0254 0.1188  -0.0052
-0.2071 0.1553  0.2675  -0.1976 0.1001  -0.0056 0.0929  0.0388  0.1567  -0.0094 -0.1461 0.0240  0.2373  -0.0291 -0.0884 -0.1052 -0.2345 0.2821  0.0816  -0.1201 0.2082  -0.0411 0.0300  0.1382  -0.3038 -0.1839 -0.0773 0.0884  -0.0501 0.1269  -0.0549 0.2631  0.3548  0.1393  -0.0982 -0.1897 -0.0040 0.2727  -0.1708 -0.0435 0.1588  0.1677  0.0185  0.0437  0.0372  0.0675  -0.0799 0.0613  0.0497  -0.0109 -0.2354 -0.3427 -0.0651 3.9897  -0.1816 0.1095  -0.0417 0.3914  0.0458  -0.2667
-0.0672 -0.0311 0.1288  0.0550  0.0132  0.2671  -0.2363 -0.0223 0.1343  0.1800  0.1865  -0.1147 -0.0418 -0.0076 -0.2824 0.0964  0.1882  0.2549  0.0672  0.0597  -0.2464 -0.1011 -0.0378 0.1854  0.0013  0.0746  0.1978  0.2281  0.2123  0.0906  0.2469  0.2309  -0.0315 -0.0585 0.2131  0.1285  -0.3052 0.1175  -0.0653 -0.0689 -0.1455 -0.0862 -0.2622 0.2511  0.0330  0.1332  -0.1263 0.2820  -0.0435 -0.1606 0.0121  -0.2455 -0.1184 -0.1816 3.6031  0.0129  -0.0037 0.2560  -0.0469 0.0136 
0.0328  0.2155  -0.0731 0.0431  0.0601  0.0831  -0.1309 0.1376  -0.1203 -0.0335 0.1396  -0.0328 -0.0637 -0.0534 0.1385  0.2812  -0.3278 -0.0664 -0.2853 0.2114  0.1001  -0.0328 -0.0102 0.0256  -0.1991 -0.2336 -0.0729 0.0375  -0.0451 -0.0636 -0.0933 -0.1578 -0.0322 0.1239  -0.0990 -0.0534 0.0297  0.1044  0.1516  0.0318  -0.0058 0.1374  0.3408  -0.1409 -0.2027 -0.2999 0.0117  -0.3785 -0.0322 0.2513  0.3077  -0.1654 -0.0284 0.1095  0.0129  4.1811  0.0710  -0.0331 0.0237  -0.0184
-0.0804 0.0687  -0.2107 -0.1248 -0.0654 0.0170  0.0622  0.1242  0.1184  0.0325  -0.1077 0.2236  0.2375  0.0462  -0.0938 0.0091  0.1180  0.2730  -0.3547 0.1187  -0.1233 -0.0298 0.1382  0.1740  -0.0268 0.1865  0.0574  -0.0712 0.0437  -0.1614 -0.0632 -0.1779 -0.1012 0.0794  -0.0995 -0.1277 0.0292  -0.2012 0.0282  -0.0164 -0.1913 -0.0329 0.0817  0.0276  0.0115  -0.0338 -0.1480 -0.1366 0.2825  -0.3892 -0.0150 -0.0964 -0.1119 -0.0417 -0.0037 0.0710  4.3249  0.1549  0.4751  -0.1534
0.2299  0.1222  0.0342  0.0028  0.0937  0.0131  -0.1094 -0.0465 0.1577  -0.1025 -0.2444 -0.3815 -0.4420 0.0635  0.1397  -0.1011 -0.1229 0.0517  0.1862  -0.3065 0.2555  0.3965  -0.1018 -0.0749 -0.0476 0.1516  -0.0074 -0.2748 0.0323  -0.3725 0.3218  -0.0066 0.0028  -0.1053 0.0787  -0.1041 0.1899  0.2334  0.0497  -0.1188 0.1644  -0.1736 0.2420  -0.1701 -0.0089 -0.1887 -0.1774 -0.0088 0.0920  -0.4710 0.1771  -0.2314 -0.0254 0.3914  0.2560  -0.0331 0.1549  3.9538  -0.0743 -0.0007
0.1442  0.0572  0.0698  0.0376  -0.0843 -0.2316 -0.3006 -0.1710 -0.0182 -0.0320 -0.1521 0.1278  0.0981  0.4365  -0.0289 0.2510  0.1765  0.0732  0.0160  -0.0134 -0.0145 0.0055  0.0387  0.1542  0.1027  -0.5382 -0.1051 -0.0032 -0.0079 0.0463  0.4566  0.0215  -0.2148 0.0199  -0.3981 0.2912  0.0071  -0.0678 -0.0500 -0.1460 0.1078  -0.0756 -0.1094 -0.1020 -0.0211 0.1242  0.0228  0.4635  -0.1758 0.3054  -0.2207 -0.1276 0.1188  0.0458  -0.0469 0.0237  0.4751  -0.0743 3.4618  -0.1335
-0.1981 0.4337  -0.0189 -0.1263 0.0437  0.1372  -0.2933 -0.2182 -0.0040 0.1866  -0.0557 -0.0541 0.2257  -0.1011 0.1550  0.0605  0.0080  -0.2040 0.2558  0.3260  0.2458  -0.0529 -0.0821 0.2467  0.0688  -0.0528 0.0588  0.1541  0.2050  0.0449  0.1496  -0.0920 -0.0348 0.1050  -0.2522 0.1558  0.2223  -0.4809 -0.0833 0.0521  0.3954  0.0582  0.2475  0.1778  0.2170  0.0537  0.3546  0.0906  -0.1029 -0.5016 0.1503  -0.1633 -0.0052 -0.2667 0.0136  -0.0184 -0.1534 -0.0007 -0.1335 3.6514 
